last-generated=2024-11-11
statistics-initialization=
{
  "nonlinear": "5, 5, 5, 5, 5, 5, 5, 2, 5, 5, 2, 0, 0, 8, 7, 8, 7, 8, 9, 8, 9, 8, 9, 1, 1, 1, 1,   1, 1, 1, 1, 1, 1, 1",
  "numerical Jacobians": "0"
}
statistics-simulation=
{
  "linear": "0, 0, 0, 0, 0, 0, 0, 0, 0, 0, 0, 0, 0, 0, 0, 0, 0, 0, 0, 0, 0, 0, 0, 0, 0, 0, 0,   0, 0, 0, 0, 0, 0, 0, 0, 0, 0, 0, 0, 0, 0, 0, 0, 0, 0, 0, 0, 0, 0, 0, 28, 0, 0,   0, 0, 0, 0, 0, 0, 0, 0, 0, 0, 0, 0, 0, 0, 0, 0, 0, 0, 0, 0, 0, 0, 0, 0, 0, 0,   0, 0, 0, 0, 0, 0, 0, 0, 0, 0, 0, 0, 0, 0, 0, 0, 0, 0, 0, 0, 0, 0, 0, 0, 0, 0,   0, 0, 0, 0, 0, 0, 0, 0, 0, 0, 0, 0, 0, 0, 0, 0, 0, 0, 0, 0, 0, 0, 0, 0, 0, 0,   0, 0, 0, 0, 0, 0, 0, 0, 0, 0, 0, 0, 0, 0, 0, 0, 0, 0, 0, 0, 0, 0, 0, 0, 0, 0,   0, 0, 0, 0, 0, 0, 0, 0, 0, 0, 0, 0, 0, 0, 0, 0, 0, 0, 0, 0, 0, 0, 0, 0, 0, 0,   0, 0, 0, 0, 0, 0, 0, 0, 0, 0, 0, 0, 0, 0, 0, 0, 0, 0, 0, 0, 0, 0, 0, 0, 0, 0,   0, 0, 0, 0, 0, 0, 0, 0, 0, 0, 0, 0, 0, 0",
  "nonlinear": "2, 8, 7, 8, 7, 8, 9, 8, 9, 8, 9, 10, 1, 0, 1, 0, 1, 1, 1, 1, 1, 1, 1, 1, 1, 1, 1,   1",
  "number of continuous time states": "373",
  "numerical Jacobians": "0"
}
time=[0e+00, 1.728e+05]
weaDat.weaBus.TDryBul=[2.711499938964844e+02, 2.711964111328125e+02, 2.711585388183594e+02, 2.710329895019531e+02, 2.708773498535156e+02, 2.706598205566406e+02, 2.704615478515625e+02, 2.704500122070312e+02, 2.704500122070312e+02, 2.704500122070312e+02, 2.704500122070312e+02, 2.704904479980469e+02, 2.706648559570312e+02, 2.708219909667969e+02, 2.709660034179688e+02, 2.710835876464844e+02, 2.710487060546875e+02, 2.710967712402344e+02, 2.713839721679688e+02, 2.715577392578125e+02, 2.713986511230469e+02, 2.713771667480469e+02, 2.716394348144531e+02, 2.718602600097656e+02, 2.719464111328125e+02, 2.720499877929688e+02, 2.722364196777344e+02, 2.724353637695312e+02, 2.725456237792969e+02, 2.726259155273438e+02, 2.730393371582031e+02, 2.736041564941406e+02, 2.736746826171875e+02, 2.736636657714844e+02, 2.736180114746094e+02, 2.735700073242188e+02, 2.735389404296875e+02, 2.735155944824219e+02, 2.7335400390625e+02, 2.731619873046875e+02, 2.729700012207031e+02, 2.727780151367188e+02, 2.72593994140625e+02, 2.724955749511719e+02, 2.724342651367188e+02, 2.723796081542969e+02, 2.723463134765625e+02, 2.723376770019531e+02, 2.723522033691406e+02, 2.724003295898438e+02, 2.724500122070312e+02, 2.724666442871094e+02, 2.724525451660156e+02, 2.724020690917969e+02, 2.722803344726562e+02, 2.720899963378906e+02, 2.718980102539062e+02, 2.717059936523438e+02, 2.715140075683594e+02, 2.713631591796875e+02, 2.713411865234375e+02, 2.713729858398438e+02, 2.714293518066406e+02, 2.714556884765625e+02, 2.714446716308594e+02, 2.714856872558594e+02, 2.716668701171875e+02, 2.717514038085938e+02, 2.716672058105469e+02, 2.716678771972656e+02, 2.71758056640625e+02, 2.718697814941406e+02, 2.7200390625e+02, 2.721656494140625e+02, 2.724968872070312e+02, 2.728500061035156e+02, 2.729950561523438e+02, 2.729598999023438e+02, 2.725846862792969e+02, 2.721623229980469e+02, 2.721732788085938e+02, 2.722332153320312e+02, 2.723517456054688e+02, 2.724693908691406e+02, 2.722129516601562e+02, 2.715361633300781e+02, 2.708384399414062e+02, 2.701152648925781e+02, 2.6966552734375e+02, 2.693913269042969e+02, 2.691483459472656e+02, 2.68912841796875e+02, 2.686530456542969e+02, 2.682867126464844e+02, 2.680051879882812e+02, 2.680009765625e+02, 2.679133911132812e+02, 2.676651611328125e+02, 2.674332275390625e+02, 2.672374267578125e+02, 2.670499877929688e+02]
hydraulic.generation.sigBusGen.TGenOutMea=[2.931499938964844e+02, 3.072667541503906e+02, 3.250808715820312e+02, 3.234896850585938e+02, 3.236583251953125e+02, 3.238187561035156e+02, 3.239851989746094e+02, 3.240063781738281e+02, 3.23999267578125e+02, 3.2399560546875e+02, 3.239943542480469e+02, 3.239688110351562e+02, 3.238338928222656e+02, 3.23697265625e+02, 3.235791015625e+02, 3.235406799316406e+02, 3.235510559082031e+02, 3.235548400878906e+02, 3.230711364746094e+02, 3.226087951660156e+02, 3.224288635253906e+02, 3.227853393554688e+02, 3.230320739746094e+02, 3.228750610351562e+02, 3.22779296875e+02, 3.226970825195312e+02, 3.225521545410156e+02, 3.215383911132812e+02, 3.217508239746094e+02, 3.226466369628906e+02, 3.220876770019531e+02, 3.214934692382812e+02, 3.213725280761719e+02, 3.213829956054688e+02, 3.213564453125e+02, 3.214334411621094e+02, 3.216191711425781e+02, 3.215643005371094e+02, 3.221393432617188e+02, 3.2385986328125e+02, 3.249107055664062e+02, 3.256734619140625e+02, 3.136669921875e+02, 2.980110168457031e+02, 2.943018188476562e+02, 3.210562438964844e+02, 3.233512878417969e+02, 3.228172912597656e+02, 3.225499572753906e+02, 3.224156188964844e+02, 3.223587341308594e+02, 3.223418884277344e+02, 3.223540344238281e+02, 3.223954162597656e+02, 3.224916687011719e+02, 3.226490783691406e+02, 3.228504333496094e+02, 3.231283569335938e+02, 3.234848022460938e+02, 3.239256286621094e+02, 3.244651794433594e+02, 3.251148986816406e+02, 3.25882080078125e+02, 3.26771728515625e+02, 3.277869873046875e+02, 3.092381896972656e+02, 2.969613037109375e+02, 2.940529174804688e+02, 2.933639221191406e+02, 3.126178894042982e+02, 3.226390991210938e+02, 3.22850341796875e+02, 3.243639831542969e+02, 3.270285339355469e+02, 3.216866149902344e+02, 3.144607849121094e+02, 2.981985168457031e+02, 2.94345703125e+02, 2.934331665039062e+02, 2.93217041015625e+02, 2.931658935546875e+02, 2.931537780761719e+02, 2.9315087890625e+02, 2.931502075195312e+02, 2.931500549316406e+02, 2.931500244140625e+02, 3.210118713378906e+02, 3.260092468261719e+02, 3.238698120117188e+02, 3.004283752441406e+02, 2.948744201660156e+02, 2.935585632324219e+02, 2.932467956542969e+02, 2.931729431152344e+02, 2.931554260253906e+02, 3.119881896972656e+02, 3.329334716796875e+02, 3.032715454101562e+02, 2.955476989746094e+02, 2.937186584472656e+02, 2.932847595214844e+02]
hydraulic.control.buiMeaBus.TZoneMea[1]=[2.951099853515625e+02, 2.903302917480469e+02, 2.922905883789062e+02, 2.928279724121094e+02, 2.930532531738281e+02, 2.932103271484375e+02, 2.933480529785156e+02, 2.934649047851562e+02, 2.935654602050781e+02, 2.936601257324219e+02, 2.937515563964844e+02, 2.938400573730469e+02, 2.939177856445312e+02, 2.939863891601562e+02, 2.940541381835938e+02, 2.941240234375e+02, 2.942129821777344e+02, 2.943246154785156e+02, 2.921602478027344e+02, 2.922165832519531e+02, 2.942352600097656e+02, 2.944694213867188e+02, 2.946715698242188e+02, 2.948181457519531e+02, 2.949305114746094e+02, 2.950517272949219e+02, 2.951729431152344e+02, 2.951676635742188e+02, 2.948993530273438e+02, 2.95362548828125e+02, 2.954232788085938e+02, 2.953941345214844e+02, 2.953672485351562e+02, 2.953536682128906e+02, 2.953300476074219e+02, 2.953279113769531e+02, 2.963434753417969e+02, 2.960800170898438e+02, 2.957434387207031e+02, 2.944620666503906e+02, 2.956099548339844e+02, 2.957685546875e+02, 2.956017761230469e+02, 2.955575561523438e+02, 2.953965759277344e+02, 2.953301086425781e+02, 2.942118835449219e+02, 2.94780517578125e+02, 2.949506530761719e+02, 2.950457153320312e+02, 2.951056518554688e+02, 2.951434631347656e+02, 2.951670837402344e+02, 2.95181640625e+02, 2.951907348632812e+02, 2.951970520019531e+02, 2.952006225585938e+02, 2.952030944824219e+02, 2.952049255371094e+02, 2.952061462402344e+02, 2.952069396972656e+02, 2.952073974609375e+02, 2.952073669433594e+02, 2.952066650390625e+02, 2.95205322265625e+02, 2.951981811523438e+02, 2.951762084960938e+02, 2.951617126464844e+02, 2.940921936035156e+02, 2.941086730957031e+02, 2.954165649414062e+02, 2.954120178222656e+02, 2.9676171875e+02, 2.977006225585938e+02, 2.982588500976562e+02, 2.9823291015625e+02, 2.977148132324219e+02, 2.971511535644531e+02, 2.966327514648438e+02, 2.962567138671875e+02, 2.960273132324219e+02, 2.960371704101562e+02, 2.959212951660156e+02, 2.957863464355469e+02, 2.956756896972656e+02, 2.955920715332031e+02, 2.967999572753906e+02, 2.969561767578125e+02, 2.96960205078125e+02, 2.996436462402344e+02, 2.983675537109375e+02, 2.981767578125e+02, 2.982048645019531e+02, 2.9823681640625e+02, 2.981086120605469e+02, 2.980566101074219e+02, 2.969028930664062e+02, 2.9591796875e+02, 2.957627258300781e+02, 2.956781616210938e+02, 2.9562109375e+02]
hydraulic.control.buiMeaBus.TZoneMea[10]=[2.951099853515625e+02, 2.906040344238281e+02, 2.921771240234375e+02, 2.926957397460938e+02, 2.930120239257812e+02, 2.932673645019531e+02, 2.934922180175781e+02, 2.936870727539062e+02, 2.938582763671875e+02, 2.940159912109375e+02, 2.941641540527344e+02, 2.943046569824219e+02, 2.944325866699219e+02, 2.945502014160156e+02, 2.946641845703125e+02, 2.943493041992188e+02, 2.943784484863281e+02, 2.939578552246094e+02, 2.931757507324219e+02, 2.943236083984375e+02, 2.928805236816406e+02, 2.938876342773438e+02, 2.945947265625e+02, 2.947730407714844e+02, 2.94916015625e+02, 2.950536804199219e+02, 2.951828918457031e+02, 2.952168884277344e+02, 2.950637512207031e+02, 2.954273986816406e+02, 2.961410217285156e+02, 2.960992126464844e+02, 2.959711303710938e+02, 2.9578076171875e+02, 2.950840454101562e+02, 2.951023254394531e+02, 2.963798522949219e+02, 2.960513000488281e+02, 2.942509155273438e+02, 2.944673461914062e+02, 2.952041931152344e+02, 2.946491394042969e+02, 2.963575439453125e+02, 2.958172607421875e+02, 2.950289611816406e+02, 2.950619506835938e+02, 2.951310119628906e+02, 2.951766967773438e+02, 2.951746826171875e+02, 2.951693725585938e+02, 2.951672668457031e+02, 2.951663513183594e+02, 2.951659545898438e+02, 2.95165771484375e+02, 2.951657104492188e+02, 2.951658325195312e+02, 2.951658325195312e+02, 2.951658630371094e+02, 2.951659240722656e+02, 2.951659240722656e+02, 2.951658935546875e+02, 2.951658020019531e+02, 2.951656188964844e+02, 2.951653137207031e+02, 2.951648864746094e+02, 2.9485546875e+02, 2.950902099609375e+02, 2.949534606933594e+02, 2.946824340820312e+02, 2.953346557617188e+02, 2.947645874023438e+02, 2.954710083007812e+02, 2.957483520507812e+02, 2.957795104980469e+02, 2.959188232421875e+02, 2.959876403808594e+02, 2.959673461914062e+02, 2.959123229980469e+02, 2.958317565917969e+02, 2.957495727539062e+02, 2.964679870605469e+02, 2.965451354980469e+02, 2.965718383789062e+02, 2.965796813964844e+02, 2.958253173828125e+02, 2.957105712890625e+02, 2.97388916015625e+02, 2.97643310546875e+02, 2.960745849609375e+02, 2.958738098144531e+02, 2.957774963378906e+02, 2.987097778320312e+02, 2.975543823242188e+02, 2.974098205566406e+02, 2.968586120605469e+02, 2.966092834472656e+02, 2.965555419921875e+02, 2.965215759277344e+02, 2.965003967285156e+02, 2.964871520996094e+02, 2.964798278808594e+02]
electricalGrid.PElecGen=[0e+00, 0e+00]
electricalGrid.PElecLoa=[2.245217041015625e+03, 2.2456962890625e+03, 7.619947265625e+03, 1.691911987304688e+03, 1.640660888671875e+03, 1.64111962890625e+03, 1.635555908203125e+03, 1.5991767578125e+03, 1.58173779296875e+03, 1.568848510742188e+03, 1.556815673828125e+03, 1.534330688476562e+03, 1.49633447265625e+03, 1.475788208007812e+03, 1.455032470703125e+03, 1.369390747070312e+03, 1.30169384765625e+03, 1.192774658203125e+03, 1.274764526367188e+03, 1.456540649414062e+03, 1.225335083007812e+03, 1.4970029296875e+03, 1.401552978515625e+03, 1.321620239257812e+03, 1.309185913085938e+03, 1.286206909179688e+03, 1.2486279296875e+03, 2.871235595703125e+03, 2.588829345703114e+03, 1.264315673828125e+03, 1.065561401367188e+03, 9.94560302734375e+02, 9.959935913085938e+02, 9.722250366210938e+02, 1.032254150390625e+03, 1.026283081054688e+03, 8.544615478515625e+02, 7.851672973632812e+02, 7.239596557617188e+02, 7.51154052734375e+02, 7.668527221679688e+02, 7.787542114257812e+02, -6.078913192938405e-29, -3.125205016124399e-29, -1.777850246529405e-28, 1.99788037109375e+03, 7.59616748046875e+03, 8.051822509765625e+02, 7.378531494140625e+02, 7.432927856445312e+02, 7.413441772460938e+02, 7.391306762695312e+02, 7.354448852539062e+02, 7.318272705078125e+02, 7.328154907226562e+02, 7.3298876953125e+02, 7.347274780273438e+02, 7.389536743164062e+02, 7.443593139648438e+02, 7.510421142578125e+02, 7.592598266601562e+02, 7.691781005859375e+02, 7.8124609375e+02, 7.952421875e+02, 8.111819458007812e+02, -2.935998348195705e-29, -3.607786485995723e-29, -1.926516299777336e-29, -9.032677643017809e-29, 2.377418701171859e+03, 9.080133666992147e+02, 8.050654296875e+02, 7.586790161132812e+02, -6.55751280264971e-29, 2.86939404296875e+03, -5.279601785588301e-30, -8.773925193407627e-30, -7.534096506962576e-29, -7.283910984949382e-29, -1.48756647186955e-29, -2.860293352273934e-29, -1.555456254725584e-29, -1.693868551625303e-31, -1.841313610427475e-29, -5.125302447438348e-30, -2.123887375944807e-28, 2.81944580078125e+03, 7.831871337890625e+02, -2.216568722102622e-29, -1.274995997958375e-30, -1.71407569448204e-29, -1.24330068674495e-28, -3.714753989276483e-31, -1.641022764279002e-29, -4.097803851011706e-29, 2.28784619140625e+03, 3.405392578125e+03, -4.929995170715893e-29, -2.544522994343618e-29, -1.876358614104585e-29, -2.898837341839657e-30]
