last-generated=2024-06-28
statistics-initialization=
{
  "linear": "0, 0, 0, 0, 0, 0, 0, 0, 0, 0, 0, 0, 0, 0, 0, 0, 0, 0, 0, 0, 0, 0, 0, 0, 0, 0, 0,   0, 0, 0, 0, 0, 0, 0, 0, 0, 0, 0, 0, 0, 0, 0, 0, 0, 0, 0, 0, 0, 0, 0, 0",
  "nonlinear": "5, 5, 5, 5, 5, 5, 5, 2, 5, 5, 2, 0, 0, 8, 7, 8, 7, 8, 9, 8, 9, 8, 9, 1, 1, 1, 1,   1, 1, 1, 1, 1, 1, 1",
  "numerical Jacobians": "0"
}
statistics-simulation=
{
  "linear": "0, 0, 0, 0, 0, 0, 0, 0, 0, 0, 0, 0, 0, 0, 0, 0, 0, 0, 0, 0, 0, 0, 0, 0, 0, 0, 0,   0, 0, 0, 0, 0, 0, 0, 0, 0, 0, 0, 0, 0, 0, 0, 0, 0, 0, 0, 0, 0, 0, 0, 0, 0, 0,   0, 0, 0, 0, 0, 0, 0, 0, 0, 0, 0, 0, 0, 0, 0, 0, 0, 0, 0, 0, 0, 0, 0, 0, 0, 0,   0, 0, 0, 0, 0, 0, 0, 0, 0, 0, 0, 0, 0, 0, 0, 0, 0, 0, 0, 0, 0, 0, 0, 0, 0, 0,   0, 0, 0, 0, 0, 0, 0, 0, 0, 0, 0, 0, 0, 0, 0, 0, 0, 0, 0, 0, 0, 0, 0, 0, 0, 0,   0, 0, 0, 0, 0, 0, 0, 0, 0, 0, 0, 0, 0, 0, 0, 0, 0, 0, 0, 0, 0, 0, 0, 0, 0, 0,   0, 0, 0, 0, 0, 0, 0, 0, 0, 0, 0, 0, 0, 0, 0, 0, 0, 0, 0, 0, 0, 0, 0, 0, 0, 0,   0, 0, 0, 0, 0, 0, 0, 0, 0, 0, 0, 0, 0, 0, 0, 0, 0, 0, 0, 0, 0, 0, 0, 0, 0, 0,   0, 0, 0, 0, 0, 0, 0, 0, 0, 0, 0, 0, 0, 0, 0, 0, 0, 0, 0, 0, 0, 0, 0, 0, 0, 0,   0, 0, 0, 0, 0, 0, 0, 0, 0, 0, 0, 0, 0, 0, 0",
  "nonlinear": "2, 8, 7, 8, 7, 8, 9, 8, 9, 8, 9, 10, 1, 0, 1, 0, 1, 1, 1, 1, 1, 1, 1, 1, 1, 1, 1,   1",
  "number of continuous time states": "377",
  "numerical Jacobians": "0"
}
time=[0e+00, 1.728e+05]
hydraulic.generation.weaBus.TDryBul=[2.711499938964844e+02, 2.711964111328125e+02, 2.711585388183594e+02, 2.710329895019531e+02, 2.708773498535156e+02, 2.706598205566406e+02, 2.704615478515625e+02, 2.704500122070312e+02, 2.704500122070312e+02, 2.704500122070312e+02, 2.704500122070312e+02, 2.704904479980469e+02, 2.706648559570312e+02, 2.708219909667969e+02, 2.709660034179688e+02, 2.710835876464844e+02, 2.710487060546875e+02, 2.710967712402344e+02, 2.713839721679688e+02, 2.715577392578125e+02, 2.713986511230469e+02, 2.713771667480469e+02, 2.716394348144531e+02, 2.718602600097656e+02, 2.719464111328125e+02, 2.720499877929688e+02, 2.722364196777344e+02, 2.724353637695312e+02, 2.725456237792969e+02, 2.726259155273438e+02, 2.730393371582031e+02, 2.736041564941406e+02, 2.736746826171875e+02, 2.736636657714844e+02, 2.736180114746094e+02, 2.735700073242188e+02, 2.735389404296875e+02, 2.735155944824219e+02, 2.7335400390625e+02, 2.731619873046875e+02, 2.729700012207031e+02, 2.727780151367188e+02, 2.72593994140625e+02, 2.724955749511719e+02, 2.724342651367188e+02, 2.723796081542969e+02, 2.723463134765625e+02, 2.723376770019531e+02, 2.723522033691406e+02, 2.724003295898438e+02, 2.724500122070312e+02, 2.724666442871094e+02, 2.724525451660156e+02, 2.724020690917969e+02, 2.722803344726562e+02, 2.720899963378906e+02, 2.718980102539062e+02, 2.717059936523438e+02, 2.715140075683594e+02, 2.713631591796875e+02, 2.713411865234375e+02, 2.713729858398438e+02, 2.714293518066406e+02, 2.714556884765625e+02, 2.714446716308594e+02, 2.714856872558594e+02, 2.716668701171875e+02, 2.717514038085938e+02, 2.716672058105469e+02, 2.716678771972656e+02, 2.71758056640625e+02, 2.718697814941406e+02, 2.7200390625e+02, 2.721656494140625e+02, 2.724968872070312e+02, 2.728500061035156e+02, 2.729950561523438e+02, 2.729598999023438e+02, 2.725846862792969e+02, 2.721623229980469e+02, 2.721732788085938e+02, 2.722332153320312e+02, 2.723517456054688e+02, 2.724693908691406e+02, 2.722129516601562e+02, 2.715361633300781e+02, 2.708384399414062e+02, 2.701152648925781e+02, 2.6966552734375e+02, 2.693913269042969e+02, 2.691483459472656e+02, 2.68912841796875e+02, 2.686530456542969e+02, 2.682867126464844e+02, 2.680051879882812e+02, 2.680009765625e+02, 2.679133911132812e+02, 2.676651611328125e+02, 2.674332275390625e+02, 2.672374267578125e+02, 2.670499877929688e+02]
hydraulic.generation.sigBusGen.TGenOutMea=[2.931499938964844e+02, 3.093565368652344e+02, 3.229222106933594e+02, 3.234674377441406e+02, 3.236371459960938e+02, 3.238032531738281e+02, 3.239726867675781e+02, 3.240011291503906e+02, 3.239976501464844e+02, 3.239949645996094e+02, 3.239938354492188e+02, 3.239693298339844e+02, 3.238400573730469e+02, 3.237039184570312e+02, 3.235838012695312e+02, 3.235336608886719e+02, 3.235342102050781e+02, 3.234913940429688e+02, 3.22888671875e+02, 3.230000305175781e+02, 3.226450500488281e+02, 3.227793579101562e+02, 3.230761413574219e+02, 3.228890686035156e+02, 3.227847595214844e+02, 3.226984558105469e+02, 3.225520629882812e+02, 3.2303466796875e+02, 3.217946472167969e+02, 3.225873107910156e+02, 3.220470275878906e+02, 3.214743041992188e+02, 3.213490600585938e+02, 3.213561401367188e+02, 3.213902282714844e+02, 3.214331970214844e+02, 3.214884948730469e+02, 3.215110168457031e+02, 3.216861267089844e+02, 3.218431091308594e+02, 3.218229370117188e+02, 3.212530517578125e+02, 3.218063354492188e+02, 3.223728637695312e+02, 3.224020385742188e+02, 3.22428466796875e+02, 3.189721374511719e+02, 3.229010620117188e+02, 3.2266015625e+02, 3.224547729492188e+02, 3.223721313476562e+02, 3.223501586914062e+02, 3.223600769042969e+02, 3.223989868164062e+02, 3.224917297363281e+02, 3.226437683105469e+02, 3.228016052246094e+02, 3.229577331542969e+02, 3.231136779785156e+02, 3.232434692382812e+02, 3.232711791992188e+02, 3.232455444335938e+02, 3.231978759765625e+02, 3.231702575683594e+02, 3.231766662597656e+02, 3.232014770507812e+02, 3.231207275390625e+02, 3.226885681152344e+02, 3.227188415527344e+02, 3.22807861328125e+02, 3.221397399902344e+02, 3.224505615234375e+02, 3.228079833984375e+02, 3.227198181152344e+02, 3.224737854003906e+02, 3.261825561523438e+02, 3.223711853027344e+02, 3.221650390625e+02, 3.222274169921875e+02, 3.225570678710938e+02, 3.226227416992188e+02, 3.225663146972656e+02, 3.224550170898438e+02, 3.22339111328125e+02, 3.2243994140625e+02, 3.230191040039062e+02, 3.237958679199219e+02, 3.242962951660156e+02, 3.245877685546875e+02, 3.250166625976562e+02, 3.248580322265625e+02, 3.2469775390625e+02, 3.251273193359375e+02, 3.258812866210938e+02, 3.260281066894531e+02, 3.109534301757812e+02, 3.322037963867188e+02, 3.264500732421875e+02, 3.268112487792969e+02, 3.267018127441406e+02, 3.267722473144531e+02]
hydraulic.control.buiMeaBus.TZoneMea[1]=[2.951099853515625e+02, 2.894295349121094e+02, 2.91299560546875e+02, 2.9169189453125e+02, 2.918677673339844e+02, 2.919853820800781e+02, 2.920858459472656e+02, 2.921773071289062e+02, 2.922559509277344e+02, 2.923292236328125e+02, 2.923995056152344e+02, 2.924682922363281e+02, 2.925339660644531e+02, 2.925916748046875e+02, 2.926476135253906e+02, 2.927037963867188e+02, 2.927688598632812e+02, 2.928282165527344e+02, 2.816566467285156e+02, 2.889656066894531e+02, 2.922814331054688e+02, 2.926274108886719e+02, 2.928617248535156e+02, 2.93006591796875e+02, 2.930958557128906e+02, 2.931829223632812e+02, 2.93270263671875e+02, 2.932245788574219e+02, 2.92930419921875e+02, 2.933915710449219e+02, 2.934743347167969e+02, 2.934909362792969e+02, 2.9348779296875e+02, 2.934959106445312e+02, 2.935018920898438e+02, 2.935227661132812e+02, 2.947620849609375e+02, 2.949692687988281e+02, 2.950735473632812e+02, 2.828692321777344e+02, 2.934571533203125e+02, 2.952957153320312e+02, 2.955338439941406e+02, 2.956411437988281e+02, 2.954769592285156e+02, 2.954198913574219e+02, 2.940205383300781e+02, 2.939609069824219e+02, 2.941138610839844e+02, 2.941329956054688e+02, 2.94158203125e+02, 2.94190673828125e+02, 2.942267456054688e+02, 2.942644653320312e+02, 2.943032531738281e+02, 2.943448791503906e+02, 2.943892211914062e+02, 2.944338989257812e+02, 2.94478515625e+02, 2.945238037109375e+02, 2.945674133300781e+02, 2.946056213378906e+02, 2.946406860351562e+02, 2.946737060546875e+02, 2.947073669433594e+02, 2.947452087402344e+02, 2.947943420410156e+02, 2.948065795898438e+02, 2.825572814941406e+02, 2.90169952392578e+02, 2.941666564941406e+02, 2.945005798339844e+02, 2.96156005859375e+02, 2.969669494628906e+02, 2.966786804199219e+02, 2.959287719726562e+02, 2.951492919921875e+02, 2.949174194335938e+02, 2.94799560546875e+02, 2.947761840820312e+02, 2.948533020019531e+02, 2.950330505371094e+02, 2.9499072265625e+02, 2.949921264648438e+02, 2.9499072265625e+02, 2.950100708007812e+02, 2.959410400390625e+02, 2.956083984375e+02, 2.953937683105469e+02, 2.807231140136719e+02, 2.942712097167969e+02, 2.959104614257812e+02, 2.956317749023438e+02, 2.953841552734375e+02, 2.951177978515625e+02, 2.951738891601562e+02, 2.940583190917969e+02, 2.945369262695312e+02, 2.948499755859375e+02, 2.949556579589844e+02, 2.950263977050781e+02]
hydraulic.control.buiMeaBus.TZoneMea[10]=[2.951099853515625e+02, 2.901929321289062e+02, 2.917223815917969e+02, 2.921303405761719e+02, 2.924017639160156e+02, 2.926197204589844e+02, 2.928101806640625e+02, 2.929778442382812e+02, 2.931246643066406e+02, 2.932589721679688e+02, 2.933843994140625e+02, 2.935031433105469e+02, 2.936132507324219e+02, 2.937136535644531e+02, 2.938099060058594e+02, 2.934764709472656e+02, 2.93481689453125e+02, 2.93035400390625e+02, 2.922273864746094e+02, 2.934007568359375e+02, 2.837171325683594e+02, 2.895255126953125e+02, 2.928280029296875e+02, 2.931189880371094e+02, 2.933041381835938e+02, 2.93455810546875e+02, 2.935873107910156e+02, 2.936100769042969e+02, 2.934463500976562e+02, 2.938261108398438e+02, 2.946622619628906e+02, 2.947973022460938e+02, 2.9489794921875e+02, 2.949923400878906e+02, 2.943563232421875e+02, 2.943365173339844e+02, 2.959716186523438e+02, 2.961124572753906e+02, 2.93896484375e+02, 2.937648315429688e+02, 2.943712463378906e+02, 2.843280639648438e+02, 2.93404296875e+02, 2.9510791015625e+02, 2.948638916015625e+02, 2.948939208984375e+02, 2.946150512695312e+02, 2.950228576660156e+02, 2.951737365722656e+02, 2.952431640625e+02, 2.953035888671875e+02, 2.953559265136719e+02, 2.953987731933594e+02, 2.95431396484375e+02, 2.954537658691406e+02, 2.954668884277344e+02, 2.954695739746094e+02, 2.954605407714844e+02, 2.954407958984375e+02, 2.954129333496094e+02, 2.953787841796875e+02, 2.953407287597656e+02, 2.953038940429688e+02, 2.952711181640625e+02, 2.952446594238281e+02, 2.94865478515625e+02, 2.949346313476562e+02, 2.945710144042969e+02, 2.938165893554688e+02, 2.948780517578125e+02, 2.849646301269532e+02, 2.913163452148438e+02, 2.948489379882812e+02, 2.954320068359375e+02, 2.957348022460938e+02, 2.957948913574219e+02, 2.9569482421875e+02, 2.956255798339844e+02, 2.954634094238281e+02, 2.9533837890625e+02, 2.957020874023438e+02, 2.954520568847656e+02, 2.952848205566406e+02, 2.951925659179688e+02, 2.947276611328125e+02, 2.948990478515625e+02, 2.96201416015625e+02, 2.958549499511719e+02, 2.940491943359375e+02, 2.943603210449219e+02, 2.950325012207031e+02, 2.833538513183594e+02, 2.944213562011719e+02, 2.959861450195312e+02, 2.955201110839844e+02, 2.954767761230469e+02, 2.95369384765625e+02, 2.953279724121094e+02, 2.953599853515625e+02, 2.952939453125e+02, 2.952437133789062e+02]
electricalGrid.PElecGen=[0e+00, 0e+00]
electricalGrid.PElecLoa=[2.467245361328125e+03, 2.62419775390625e+03, 2.044160766601562e+03, 1.862458618164062e+03, 1.838702026367188e+03, 1.851822265625e+03, 1.857337524414062e+03, 1.827200561523438e+03, 1.811484375e+03, 1.79972216796875e+03, 1.788910278320312e+03, 1.76815771484375e+03, 1.724471801757812e+03, 1.6979638671875e+03, 1.674513061523438e+03, 1.600779663085938e+03, 1.556399047851562e+03, 1.553100341796874e+03, 1.8540380859375e+03, 1.791607421875e+03, 1.559284912109375e+03, 1.853821899414062e+03, 1.66378125e+03, 1.582773193359375e+03, 1.5684794921875e+03, 1.547366577148438e+03, 1.514246459960938e+03, 3.083111083984375e+03, 2.785989746093739e+03, 1.5353740234375e+03, 1.3808515625e+03, 1.3337275390625e+03, 1.361357543945312e+03, 1.36822705078125e+03, 1.377797485351562e+03, 1.382031616210938e+03, 1.354317260742188e+03, 1.319017211914062e+03, 1.260711303710938e+03, 1.190723388671875e+03, 1.352115234375e+03, 1.30036181640625e+03, 1.728627197265625e+03, 1.42957568359375e+03, 1.374728393554688e+03, 1.361256958007812e+03, 2.9427109375e+03, 1.684033203125e+03, 1.419209350585938e+03, 1.399697875976562e+03, 1.392105102539062e+03, 1.382605224609375e+03, 1.372162841796875e+03, 1.363757568359375e+03, 1.3632041015625e+03, 1.366957885742188e+03, 1.367306762695312e+03, 1.368727294921875e+03, 1.371145263671875e+03, 1.366975952148438e+03, 1.349217651367188e+03, 1.333970703125e+03, 1.320712158203125e+03, 1.314989990234375e+03, 1.312349731445312e+03, 1.249144409179688e+03, 1.082930908203125e+03, 1.369064331054688e+03, 1.534464721679686e+03, 1.632247802734385e+03, 1.445951782226565e+03, 1.596026123046875e+03, 1.439200073242188e+03, 1.263317138671875e+03, 1.083363647460938e+03, 3.19609375e+03, 1.35132763671875e+03, 1.086228271484375e+03, 1.167404296875e+03, 1.22111474609375e+03, 1.138234985351562e+03, 1.106782592773438e+03, 1.084621215820312e+03, 1.083810668945312e+03, 1.21923193359375e+03, 1.300404296875e+03, 1.128001953125e+03, 1.106176635742188e+03, 1.199318481445312e+03, 1.02395751953125e+03, 1.416553833007812e+03, 1.524494262695312e+03, 1.681920288085938e+03, 1.325583618164062e+03, 1.264395263671875e+03, 2.559898681640625e+03, 3.16513623046875e+03, 2.1511494140625e+03, 1.448778198242188e+03, 1.4152744140625e+03, 1.431885009765625e+03]
