last-generated=2024-06-28
statistics-initialization=
{
  "linear": "0, 0, 0, 0, 0, 0",
  "nonlinear": "0, 0, 5, 7, 4, 1, 1",
  "numerical Jacobians": "0"
}
statistics-simulation=
{
  "linear": "0, 0, 0, 0, 0, 0, 0, 0, 0",
  "nonlinear": "3, 6, 1, 0, 1, 0, 1, 0, 1, 1, 1",
  "number of continuous time states": "78",
  "numerical Jacobians": "0"
}
time=[0e+00, 1.728e+05]
weaDat.weaBus.TDryBul=[2.711499938964844e+02, 2.711964111328125e+02, 2.711585388183594e+02, 2.710329895019531e+02, 2.708773498535156e+02, 2.706598205566406e+02, 2.704615478515625e+02, 2.704500122070312e+02, 2.704500122070312e+02, 2.704500122070312e+02, 2.704500122070312e+02, 2.704904479980469e+02, 2.706648559570312e+02, 2.708219909667969e+02, 2.709660034179688e+02, 2.710835876464844e+02, 2.710487060546875e+02, 2.710967712402344e+02, 2.713839721679688e+02, 2.715577392578125e+02, 2.713986511230469e+02, 2.713771667480469e+02, 2.716394348144531e+02, 2.718602600097656e+02, 2.719464111328125e+02, 2.720499877929688e+02, 2.722364196777344e+02, 2.724353637695312e+02, 2.725456237792969e+02, 2.726259155273438e+02, 2.730393371582031e+02, 2.736041564941406e+02, 2.736746826171875e+02, 2.736636657714844e+02, 2.736180114746094e+02, 2.735700073242188e+02, 2.735389404296875e+02, 2.735155944824219e+02, 2.7335400390625e+02, 2.731619873046875e+02, 2.729700012207031e+02, 2.727780151367188e+02, 2.72593994140625e+02, 2.724955749511719e+02, 2.724342651367188e+02, 2.723796081542969e+02, 2.723463134765625e+02, 2.723376770019531e+02, 2.723522033691406e+02, 2.724003295898438e+02, 2.724500122070312e+02, 2.724666442871094e+02, 2.724525451660156e+02, 2.724020690917969e+02, 2.722803344726562e+02, 2.720899963378906e+02, 2.718980102539062e+02, 2.717059936523438e+02, 2.715140075683594e+02, 2.713631591796875e+02, 2.713411865234375e+02, 2.713729858398438e+02, 2.714293518066406e+02, 2.714556884765625e+02, 2.714446716308594e+02, 2.714856872558594e+02, 2.716668701171875e+02, 2.717514038085938e+02, 2.716672058105469e+02, 2.716678771972656e+02, 2.71758056640625e+02, 2.718697814941406e+02, 2.7200390625e+02, 2.721656494140625e+02, 2.724968872070312e+02, 2.728500061035156e+02, 2.729950561523438e+02, 2.729598999023438e+02, 2.725846862792969e+02, 2.721623229980469e+02, 2.721732788085938e+02, 2.722332153320312e+02, 2.723517456054688e+02, 2.724693908691406e+02, 2.722129516601562e+02, 2.715361633300781e+02, 2.708384399414062e+02, 2.701152648925781e+02, 2.6966552734375e+02, 2.693913269042969e+02, 2.691483459472656e+02, 2.68912841796875e+02, 2.686530456542969e+02, 2.682867126464844e+02, 2.680051879882812e+02, 2.680009765625e+02, 2.679133911132812e+02, 2.676651611328125e+02, 2.674332275390625e+02, 2.672374267578125e+02, 2.670499877929688e+02]
hydraulic.generation.sigBusGen.TGenOutMea=[2.931499938964844e+02, 3.090248107910156e+02, 3.168702697753906e+02, 3.217532653808594e+02, 3.226175842285156e+02, 3.226526184082031e+02, 3.227782592773438e+02, 3.227994995117188e+02, 3.227950744628906e+02, 3.227938232421875e+02, 3.227938232421875e+02, 3.227648620605469e+02, 3.226029357910156e+02, 3.224291076660156e+02, 3.222832641601562e+02, 3.221523132324219e+02, 3.221632995605469e+02, 3.221394348144531e+02, 3.218694763183594e+02, 3.271340942382812e+02, 3.219281311035156e+02, 3.220271911621094e+02, 3.216503295898438e+02, 3.213487548828125e+02, 3.212286376953125e+02, 3.211282043457031e+02, 3.209454650878906e+02, 3.2073193359375e+02, 3.206005249023438e+02, 3.205215759277344e+02, 3.201494140625e+02, 3.195390930175781e+02, 3.193984069824219e+02, 3.194100341796875e+02, 3.194603271484375e+02, 3.195122375488281e+02, 3.195492553710938e+02, 3.195695495605469e+02, 3.197196350097656e+02, 3.199216918945312e+02, 3.200027770996094e+02, 3.205206604003906e+02, 3.205909423828125e+02, 3.206534118652344e+02, 3.207066955566406e+02, 3.203235473632812e+02, 3.2078466796875e+02, 3.210531311035156e+02, 3.208778076171875e+02, 3.207674560546875e+02, 3.2069970703125e+02, 3.206758117675781e+02, 3.206871643066406e+02, 3.207352905273438e+02, 3.208519287109375e+02, 3.210462036132812e+02, 3.212505798339844e+02, 3.21453369140625e+02, 3.216551818847656e+02, 3.218248596191406e+02, 3.218658447265625e+02, 3.218356018066406e+02, 3.217757568359375e+02, 3.217409973144531e+02, 3.217548828125e+02, 3.193742980957031e+02, 3.216394958496094e+02, 3.216178283691406e+02, 3.215546264648438e+02, 3.215345764160156e+02, 3.214416809082031e+02, 3.213289794921875e+02, 3.211920471191406e+02, 3.2102197265625e+02, 3.206983337402344e+02, 3.203127136230469e+02, 3.201248779296875e+02, 3.20139892578125e+02, 3.204857177734375e+02, 3.209619140625e+02, 3.210071105957031e+02, 3.209418029785156e+02, 3.208231506347656e+02, 3.205386962890625e+02, 3.210956420898438e+02, 3.216343383789062e+02, 3.223218688964844e+02, 3.230791931152344e+02, 3.235966796875e+02, 3.238815612792969e+02, 3.241184692382812e+02, 3.243663024902344e+02, 3.246326293945312e+02, 3.249971618652344e+02, 3.253211364746094e+02, 3.279804992675781e+02, 3.233953247070312e+02, 3.251112670898438e+02, 3.258213500976562e+02, 3.261360168457031e+02, 3.263204345703125e+02]
outputs.building.TZone[1]=[2.931499938964844e+02, 2.882835693359375e+02, 2.889047241210938e+02, 2.893280639648438e+02, 2.894712219238281e+02, 2.894081420898438e+02, 2.893306579589844e+02, 2.892765197753906e+02, 2.892735290527344e+02, 2.89287841796875e+02, 2.893048095703125e+02, 2.893271789550781e+02, 2.893610229492188e+02, 2.894886779785156e+02, 2.897939453125e+02, 2.900799865722656e+02, 2.90274658203125e+02, 2.904744873046875e+02, 2.906423645019531e+02, 2.907513122558594e+02, 2.908082885742188e+02, 2.909851379394531e+02, 2.910799255371094e+02, 2.91155517578125e+02, 2.911539611816406e+02, 2.911558227539062e+02, 2.911342163085938e+02, 2.910951843261719e+02, 2.911961059570312e+02, 2.913258361816406e+02, 2.914766845703125e+02, 2.916055908203125e+02, 2.916585998535156e+02, 2.916871032714844e+02, 2.916790161132812e+02, 2.916468200683594e+02, 2.916062622070312e+02, 2.915500183105469e+02, 2.914702758789062e+02, 2.9135107421875e+02, 2.911522216796875e+02, 2.91287841796875e+02, 2.913008422851562e+02, 2.91287353515625e+02, 2.912676086425781e+02, 2.912054443359375e+02, 2.910208435058594e+02, 2.911728820800781e+02, 2.911836853027344e+02, 2.911704711914062e+02, 2.911595458984375e+02, 2.911692504882812e+02, 2.911839294433594e+02, 2.911998291015625e+02, 2.912164001464844e+02, 2.912358703613281e+02, 2.912585144042969e+02, 2.912818908691406e+02, 2.913058166503906e+02, 2.913314819335938e+02, 2.913568420410156e+02, 2.913776550292969e+02, 2.913965759277344e+02, 2.914956970214844e+02, 2.917467651367188e+02, 2.919734802246094e+02, 2.92017578125e+02, 2.922092895507812e+02, 2.922619018554688e+02, 2.923369445800781e+02, 2.924172058105469e+02, 2.926783142089844e+02, 2.929470825195312e+02, 2.931190185546875e+02, 2.932037658691406e+02, 2.932290954589844e+02, 2.931916198730469e+02, 2.931478881835938e+02, 2.93130126953125e+02, 2.931594848632812e+02, 2.932079467773438e+02, 2.93244140625e+02, 2.932566833496094e+02, 2.931499938964844e+02, 2.932681579589844e+02, 2.932918701171875e+02, 2.933110046386719e+02, 2.933206787109375e+02, 2.932774047851562e+02, 2.931493530273438e+02, 2.930625610351562e+02, 2.930721435546875e+02, 2.930775756835938e+02, 2.930657653808594e+02, 2.930596923828125e+02, 2.930462646484375e+02, 2.92825439453125e+02, 2.929654235839844e+02, 2.930483093261719e+02, 2.930562438964844e+02, 2.930422973632812e+02]
electricalGrid.PElecGen=[0e+00, 0e+00]
electricalGrid.PElecLoa=[4.20362353515625e+03, 4.471041015625e+03, 4.86541064453125e+03, 5.13148388671875e+03, 3.66936572265625e+03, 3.556167236328125e+03, 3.63441650390625e+03, 3.6143056640625e+03, 3.61505859375e+03, 3.6172255859375e+03, 3.6185283203125e+03, 3.590744873046875e+03, 3.494703369140625e+03, 3.43863818359375e+03, 3.36627685546875e+03, 3.307221435546875e+03, 3.33012939453125e+03, 3.27566748046875e+03, 3.125226806640625e+03, 5.43733349609375e+03, 3.807646728515625e+03, 3.183425537109375e+03, 2.995205078125e+03, 2.946872802734375e+03, 2.954909912109375e+03, 2.924976806640625e+03, 2.85731640625e+03, 2.8069931640625e+03, 2.7986298828125e+03, 2.7753720703125e+03, 2.605499755859375e+03, 2.462804443359375e+03, 2.526998291015625e+03, 2.548854248046875e+03, 2.563388671875e+03, 2.57494580078125e+03, 2.578337158203125e+03, 2.5872333984375e+03, 2.650744140625e+03, 2.70470849609375e+03, 3.6070537109375e+03, 2.86196630859375e+03, 2.8160615234375e+03, 2.827759033203125e+03, 2.842254150390625e+03, 5.0497490234375e+03, 3.845266845703125e+03, 2.934046630859375e+03, 2.834384033203125e+03, 2.82601171875e+03, 2.82228125e+03, 2.827476318359375e+03, 2.838045166015625e+03, 2.85895947265625e+03, 2.906783447265625e+03, 2.9704248046875e+03, 3.021210693359375e+03, 3.070188720703125e+03, 3.119541015625e+03, 3.145575927734375e+03, 3.1193564453125e+03, 3.093815673828125e+03, 3.07073486328125e+03, 3.0670380859375e+03, 3.057243408203125e+03, 5.02806640625e+03, 3.548989013671875e+03, 2.935156494140625e+03, 2.93439111328125e+03, 2.917670654296875e+03, 2.86979833984375e+03, 2.814140869140625e+03, 2.750242431640625e+03, 2.68895166015625e+03, 2.5653818359375e+03, 2.479210205078125e+03, 2.486592529296875e+03, 2.535535888671875e+03, 2.69156298828125e+03, 2.7750263671875e+03, 2.68718896484375e+03, 2.644281982421875e+03, 2.5916806640625e+03, 3.473271484375e+03, 2.75255615234375e+03, 2.8825634765625e+03, 3.05272705078125e+03, 3.21664599609375e+03, 3.238412109375e+03, 3.28690234375e+03, 3.392053955078125e+03, 3.488700439453125e+03, 3.598470703125e+03, 3.775531982421875e+03, 3.87162646484375e+03, 4.97945166015625e+03, 3.912188720703125e+03, 4.4374248046875e+03, 4.42291748046875e+03, 4.40739599609375e+03, 4.44775634765625e+03]
