last-generated=2024-06-28
statistics-initialization=
{
  "linear": "0, 0, 0, 0, 0, 0",
  "nonlinear": "0, 0, 5, 7, 2, 2, 1, 1",
  "numerical Jacobians": "0"
}
statistics-simulation=
{
  "linear": "0, 0, 0, 0, 0, 0, 0, 0, 0, 0, 0, 0, 0, 0, 0, 0, 0, 0, 0, 0, 0, 0, 0, 0, 0, 0, 0,   0, 0, 0, 0, 0, 0, 0, 0, 0, 0, 0, 0, 0, 0, 0, 0, 0, 0, 7, 0, 0, 0, 0, 0, 0, 0,   0, 0, 0, 0, 0",
  "nonlinear": "1, 6, 2, 1, 1, 1, 1, 1, 1, 1, 1, 1, 0, 1, 0, 1, 0, 1, 1, 1",
  "number of continuous time states": "144",
  "numerical Jacobians": "0"
}
time=[0e+00, 1.728e+05]
weaDat.weaBus.TDryBul=[2.711499938964844e+02, 2.711964111328125e+02, 2.711585388183594e+02, 2.710329895019531e+02, 2.708773498535156e+02, 2.706598205566406e+02, 2.704615478515625e+02, 2.704500122070312e+02, 2.704500122070312e+02, 2.704500122070312e+02, 2.704500122070312e+02, 2.704904479980469e+02, 2.706648559570312e+02, 2.708219909667969e+02, 2.709660034179688e+02, 2.710835876464844e+02, 2.710487060546875e+02, 2.710967712402344e+02, 2.713839721679688e+02, 2.715577392578125e+02, 2.713986511230469e+02, 2.713771667480469e+02, 2.716394348144531e+02, 2.718602600097656e+02, 2.719464111328125e+02, 2.720499877929688e+02, 2.722364196777344e+02, 2.724353637695312e+02, 2.725456237792969e+02, 2.726259155273438e+02, 2.730393371582031e+02, 2.736041564941406e+02, 2.736746826171875e+02, 2.736636657714844e+02, 2.736180114746094e+02, 2.735700073242188e+02, 2.735389404296875e+02, 2.735155944824219e+02, 2.7335400390625e+02, 2.731619873046875e+02, 2.729700012207031e+02, 2.727780151367188e+02, 2.72593994140625e+02, 2.724955749511719e+02, 2.724342651367188e+02, 2.723796081542969e+02, 2.723463134765625e+02, 2.723376770019531e+02, 2.723522033691406e+02, 2.724003295898438e+02, 2.724500122070312e+02, 2.724666442871094e+02, 2.724525451660156e+02, 2.724020690917969e+02, 2.722803344726562e+02, 2.720899963378906e+02, 2.718980102539062e+02, 2.717059936523438e+02, 2.715140075683594e+02, 2.713631591796875e+02, 2.713411865234375e+02, 2.713729858398438e+02, 2.714293518066406e+02, 2.714556884765625e+02, 2.714446716308594e+02, 2.714856872558594e+02, 2.716668701171875e+02, 2.717514038085938e+02, 2.716672058105469e+02, 2.716678771972656e+02, 2.71758056640625e+02, 2.718697814941406e+02, 2.7200390625e+02, 2.721656494140625e+02, 2.724968872070312e+02, 2.728500061035156e+02, 2.729950561523438e+02, 2.729598999023438e+02, 2.725846862792969e+02, 2.721623229980469e+02, 2.721732788085938e+02, 2.722332153320312e+02, 2.723517456054688e+02, 2.724693908691406e+02, 2.722129516601562e+02, 2.715361633300781e+02, 2.708384399414062e+02, 2.701152648925781e+02, 2.6966552734375e+02, 2.693913269042969e+02, 2.691483459472656e+02, 2.68912841796875e+02, 2.686530456542969e+02, 2.682867126464844e+02, 2.680051879882812e+02, 2.680009765625e+02, 2.679133911132812e+02, 2.676651611328125e+02, 2.674332275390625e+02, 2.672374267578125e+02, 2.670499877929688e+02]
hydraulic.generation.sigBusGen.TGenOutMea=[2.931499938964844e+02, 3.245394897460938e+02, 3.350957946777344e+02, 3.118304443359375e+02, 3.169837951660156e+02, 3.199172668457031e+02, 3.220625915527344e+02, 3.229765625e+02, 3.229881896972656e+02, 3.228804626464844e+02, 3.228187866210938e+02, 3.227675170898438e+02, 3.22606201171875e+02, 3.224334411621094e+02, 3.222836303710938e+02, 3.221546325683594e+02, 3.221596984863281e+02, 3.221351928710938e+02, 3.218752746582031e+02, 3.320315246582031e+02, 3.218241882324219e+02, 3.220244750976562e+02, 3.216925354003906e+02, 3.213760375976562e+02, 3.212333374023438e+02, 3.211253662109375e+02, 3.209453125e+02, 3.20735107421875e+02, 3.206016235351562e+02, 3.205196533203125e+02, 3.201492004394531e+02, 3.195509338378906e+02, 3.193973999023438e+02, 3.194029235839844e+02, 3.194559631347656e+02, 3.195106811523438e+02, 3.195487365722656e+02, 3.195699462890625e+02, 3.19716796875e+02, 3.199164428710938e+02, 3.201213684082031e+02, 3.203252258300781e+02, 3.207994079589844e+02, 3.208019104003906e+02, 3.208400573730469e+02, 3.208157043457031e+02, 3.208130187988281e+02, 3.208144226074219e+02, 3.2080126953125e+02, 3.207558898925781e+02, 3.20701416015625e+02, 3.206767883300781e+02, 3.20686279296875e+02, 3.20202392578125e+02, 3.210560607910156e+02, 3.211631469726562e+02, 3.2128857421875e+02, 3.214601745605469e+02, 3.216543579101562e+02, 3.218229064941406e+02, 3.218688659667969e+02, 3.218415832519531e+02, 3.217808837890625e+02, 3.217432250976562e+02, 3.217525329589844e+02, 3.217260131835938e+02, 3.215579223632812e+02, 3.2144091796875e+02, 3.214977111816406e+02, 3.209167175292969e+02, 3.216477966308594e+02, 3.21459716796875e+02, 3.21238037109375e+02, 3.210333862304688e+02, 3.206873474121094e+02, 3.202982788085938e+02, 3.201165161132812e+02, 3.201397705078125e+02, 3.20487548828125e+02, 3.209494323730469e+02, 3.210118103027344e+02, 3.209517822265625e+02, 3.208345031738281e+02, 3.207016296386719e+02, 3.208998413085938e+02, 3.215475463867188e+02, 3.222877807617188e+02, 3.230612487792969e+02, 3.2359619140625e+02, 3.238978576660156e+02, 3.2413134765625e+02, 3.24002685546875e+02, 3.247429504394531e+02, 3.251238098144531e+02, 3.253805236816406e+02, 3.254094543457031e+02, 3.248877868652344e+02, 3.257372436523438e+02, 3.260375061035156e+02, 3.261962280273438e+02, 3.263520202636719e+02]
outputs.building.TZone[1]=[2.931499938964844e+02, 2.873793640136719e+02, 2.870571899414062e+02, 2.885594177246094e+02, 2.886374206542969e+02, 2.888567199707031e+02, 2.890020446777344e+02, 2.891070861816406e+02, 2.891455993652344e+02, 2.891625671386719e+02, 2.891782836914062e+02, 2.892027587890625e+02, 2.892420654296875e+02, 2.893742980957031e+02, 2.896822204589844e+02, 2.899709777832031e+02, 2.901666259765625e+02, 2.903695983886719e+02, 2.905442504882812e+02, 2.905624084472656e+02, 2.906877746582031e+02, 2.908802185058594e+02, 2.909920654296875e+02, 2.910723876953125e+02, 2.910701599121094e+02, 2.910740661621094e+02, 2.910573120117188e+02, 2.910229187011719e+02, 2.911257629394531e+02, 2.912570495605469e+02, 2.914147644042969e+02, 2.915523376464844e+02, 2.9160009765625e+02, 2.916271667480469e+02, 2.916216735839844e+02, 2.915932006835938e+02, 2.915564270019531e+02, 2.915037536621094e+02, 2.914254150390625e+02, 2.913086547851562e+02, 2.912252197265625e+02, 2.912439575195312e+02, 2.907655029296875e+02, 2.912171630859375e+02, 2.912450866699219e+02, 2.9118212890625e+02, 2.91124755859375e+02, 2.911383666992188e+02, 2.9115673828125e+02, 2.911553955078125e+02, 2.911497497558594e+02, 2.911619567871094e+02, 2.911785278320312e+02, 2.909054260253906e+02, 2.911973266601562e+02, 2.912345275878906e+02, 2.912527770996094e+02, 2.912744445800781e+02, 2.912996826171875e+02, 2.913282775878906e+02, 2.913581848144531e+02, 2.913828125e+02, 2.914046630859375e+02, 2.915056762695312e+02, 2.917579040527344e+02, 2.919869079589844e+02, 2.921149597167969e+02, 2.922173461914062e+02, 2.922757873535156e+02, 2.920428466796875e+02, 2.924262390136719e+02, 2.927106628417969e+02, 2.929747619628906e+02, 2.931434631347656e+02, 2.932249145507812e+02, 2.932479553222656e+02, 2.932057495117188e+02, 2.931593322753906e+02, 2.931388549804688e+02, 2.931669616699219e+02, 2.932199096679688e+02, 2.932557373046875e+02, 2.93266357421875e+02, 2.93260009765625e+02, 2.932528381347656e+02, 2.932706909179688e+02, 2.932928161621094e+02, 2.933026123046875e+02, 2.932620849609375e+02, 2.931403198242188e+02, 2.9305859375e+02, 2.930208740234375e+02, 2.930758361816406e+02, 2.930816345214844e+02, 2.930736999511719e+02, 2.930650329589844e+02, 2.929660339355469e+02, 2.930476989746094e+02, 2.930875854492188e+02, 2.930807495117188e+02, 2.930681762695312e+02]
electricalGrid.PElecGen=[0e+00, 0e+00]
electricalGrid.PElecLoa=[4.20201708984375e+03, 5.17715478515625e+03, 5.2547802734375e+03, 4.46233740234375e+03, 4.7382666015625e+03, 4.8950302734375e+03, 5.013068359375e+03, 4.346478027343749e+03, 3.797909912109375e+03, 3.6442529296875e+03, 3.623126708984375e+03, 3.603502197265625e+03, 3.503537353515625e+03, 3.43550146484375e+03, 3.36528955078125e+03, 3.302672607421875e+03, 3.333591064453125e+03, 3.292964111328125e+03, 3.12983935546875e+03, 5.5775380859375e+03, 3.9952939453125e+03, 3.342094970703125e+03, 3.028721435546875e+03, 2.924011474609375e+03, 2.93195849609375e+03, 2.913839111328125e+03, 2.847402099609375e+03, 2.789449951171875e+03, 2.7779755859375e+03, 2.760609375e+03, 2.597910888671875e+03, 2.42890380859375e+03, 2.4930087890625e+03, 2.533532958984375e+03, 2.5557841796875e+03, 2.568972900390625e+03, 2.57265283203125e+03, 2.580077880859375e+03, 2.64726708984375e+03, 2.7123564453125e+03, 2.7665869140625e+03, 2.8186142578125e+03, 2.754705078125e+03, 3.233087890625e+03, 2.928472900390625e+03, 2.865656005859375e+03, 2.866337646484375e+03, 2.8674873046875e+03, 2.85785986328125e+03, 2.83490087890625e+03, 2.818181640625e+03, 2.82062548828125e+03, 2.833682373046875e+03, 4.39619873046875e+03, 3.193826171875e+03, 3.0231171875e+03, 3.032060546875e+03, 3.0841806640625e+03, 3.139971923828125e+03, 3.17084130859375e+03, 3.1373759765625e+03, 3.0971015625e+03, 3.06340625e+03, 3.055400390625e+03, 3.053078857421875e+03, 3.010671875e+03, 2.906221435546875e+03, 2.879251953125e+03, 2.9387548828125e+03, 4.528652832031238e+03, 3.17470727539063e+03, 2.845803955078125e+03, 2.72681201171875e+03, 2.663227294921875e+03, 2.575211669921875e+03, 2.52378564453125e+03, 2.54669677734375e+03, 2.59080810546875e+03, 2.734192626953125e+03, 2.852154541015625e+03, 2.74913427734375e+03, 2.68420361328125e+03, 2.610195068359375e+03, 2.54805615234375e+03, 2.6512978515625e+03, 2.908369140625e+03, 3.12270703125e+03, 3.314404541015625e+03, 3.340613525390625e+03, 3.34516259765625e+03, 3.42197998046875e+03, 4.721203125e+03, 4.1640517578125e+03, 3.98570849609375e+03, 3.970441650390625e+03, 3.851083740234375e+03, 5.0192958984375e+03, 4.807021484375e+03, 4.5170341796875e+03, 4.4554755859375e+03, 4.5118193359375e+03]
