last-generated=2024-06-28
statistics-initialization=
{
  "linear": "0, 0, 0, 0, 0, 0",
  "nonlinear": "5, 1, 1, 5, 1, 1",
  "numerical Jacobians": "0"
}
statistics-simulation=
{
  "linear": "0, 0, 0, 0, 0, 0, 0, 0, 0, 0, 0, 0, 0, 0, 0, 0, 0, 0, 0, 0, 0, 0, 0, 0, 0, 0, 0,   0, 0, 0, 0, 0, 0, 0, 0, 0, 0, 0, 0, 0, 0, 0, 0, 0, 0, 0, 0, 0, 0, 0, 0, 0, 0,   0, 0, 0, 0, 0, 0, 0, 0, 0, 0, 0, 0, 0, 0, 0, 0, 0, 0, 0, 0, 0",
  "nonlinear": "1, 1, 6, 1, 1, 1, 1, 1, 1, 1, 1, 1, 1, 1, 1, 1, 1, 1, 1, 1, 1, 1, 1, 1, 1, 1, 1,   1, 1, 1, 1, 1, 1, 1, 1, 0, 1, 0, 1, 0, 1, 1",
  "number of continuous time states": "239",
  "numerical Jacobians": "0"
}
time=[0e+00, 2.52e+04]
hydraulic.generation.weaBus.TDryBul=[2.711499938964844e+02, 2.711600751589664e+02, 2.711693144866462e+02, 2.711773204798127e+02, 2.711843744900923e+02, 2.711898506539256e+02, 2.711938362119763e+02, 2.711966400146484e+02, 2.711971098246468e+02, 2.711954917909035e+02, 2.711920827225578e+02, 2.711867364263202e+02, 2.711781692484133e+02, 2.711672331467539e+02, 2.711542663574219e+02, 2.711384408189334e+02, 2.71121307384171e+02, 2.711034075448931e+02, 2.710847434855112e+02, 2.710651391260199e+02, 2.710447514818652e+02, 2.710238647460938e+02, 2.710023015429816e+02, 2.709800936533422e+02, 2.709574584960938e+02, 2.709344736574991e+02, 2.709111531481383e+02, 2.708874969453749e+02, 2.708636779785156e+02, 2.708387610242588e+02, 2.70810611745307e+02, 2.707784614509739e+02, 2.707440694173177e+02, 2.707078857965147e+02, 2.706705017210571e+02, 2.706334514319875e+02, 2.70597255546764e+02, 2.705626347016487e+02, 2.705318361819035e+02, 2.705046081603332e+02, 2.704814097311083e+02, 2.704640305865057e+02, 2.704546432417076e+02, 2.704500122070312e+02, 2.704500122070312e+02, 2.704500122070312e+02, 2.704500122070312e+02, 2.704500122070312e+02, 2.704500122070312e+02, 2.704500122070312e+02, 2.704500122070312e+02, 2.704500122070312e+02, 2.704500122070312e+02, 2.704500122070312e+02, 2.704500122070312e+02, 2.704500122070312e+02, 2.704500122070312e+02, 2.704500122070312e+02, 2.704500122070312e+02, 2.704500122070312e+02, 2.704500122070312e+02, 2.704500122070312e+02, 2.704500122070312e+02, 2.704500122070312e+02, 2.704500122070312e+02, 2.704500122070312e+02, 2.704500122070312e+02, 2.704500122070312e+02, 2.704500122070312e+02, 2.704500122070312e+02, 2.704500122070312e+02, 2.704500122070312e+02, 2.70452023587902e+02, 2.704576472955717e+02, 2.704678611590449e+02, 2.704835719984538e+02, 2.705022990042804e+02, 2.705237369967767e+02, 2.705479698885466e+02, 2.705740113732467e+02, 2.70601297942519e+02, 2.70629093129744e+02, 2.706569086620785e+02, 2.706839294649178e+02, 2.707098465438812e+02, 2.70734257455058e+02, 2.707560017632299e+02, 2.707770080057628e+02, 2.707980092095475e+02, 2.708189932471407e+02, 2.708399963582418e+02, 2.708610026482608e+02, 2.708820065343117e+02, 2.709029911353916e+02, 2.709239908379307e+02, 2.709449971279497e+02, 2.709660034179688e+02, 2.709870097079878e+02, 2.710080020107332e+02, 2.710289896702575e+02, 2.710499877929688e+02]
hydraulic.generation.sigBusGen.TGenOutMea=[2.931499938964844e+02, 2.970307486699277e+02, 2.969727136521355e+02, 2.970907611661606e+02, 2.973356043052958e+02, 2.975969477937668e+02, 2.978468170021628e+02, 2.980829620361328e+02, 2.982948816559851e+02, 2.984900054816196e+02, 2.98672973646653e+02, 2.988439184544218e+02, 2.989982834236181e+02, 2.991426461818522e+02, 2.992789764404297e+02, 2.994036559633586e+02, 2.995180256427898e+02, 2.99625815692814e+02, 2.997271004401749e+02, 2.998204937395903e+02, 2.999070511001261e+02, 2.999892120361328e+02, 3.000654932373128e+02, 3.001360333276504e+02, 3.002025299072266e+02, 3.002655716351022e+02, 3.003251190425923e+02, 3.003805542059018e+02, 3.004338073730469e+02, 3.004845104003805e+02, 3.005326423295289e+02, 3.00578340537693e+02, 3.006224466959636e+02, 3.006650981308387e+02, 3.007060203420093e+02, 3.007459570886057e+02, 3.007852026832866e+02, 3.008238173482274e+02, 3.008621012493393e+02, 3.009004154112459e+02, 3.009388884995304e+02, 3.00977807992373e+02, 3.010175285725467e+02, 3.010577774003872e+02, 3.010986633035182e+02, 3.011397857865215e+02, 3.01181288381118e+02, 3.012231622853827e+02, 3.012654418945312e+02, 3.013085003385851e+02, 3.013519592285156e+02, 3.01396354653519e+02, 3.014413045537716e+02, 3.014869047468755e+02, 3.015329207925177e+02, 3.015793616053035e+02, 3.016264699908652e+02, 3.016741104241745e+02, 3.017224476974929e+02, 3.017711518963365e+02, 3.018203963756312e+02, 3.018698456682025e+02, 3.019194463254614e+02, 3.019691582448497e+02, 3.020191083820037e+02, 3.020693409383488e+02, 3.021197813466811e+02, 3.021705168776593e+02, 3.022214482296056e+02, 3.022724380740224e+02, 3.023234228316874e+02, 3.023741138578138e+02, 3.024246492540967e+02, 3.024752907944888e+02, 3.025262043448739e+02, 3.025775375117427e+02, 3.026291249927398e+02, 3.026809419920636e+02, 3.02732990416168e+02, 3.027850789872388e+02, 3.028370258265093e+02, 3.028887500020144e+02, 3.029398638242324e+02, 3.029904690195734e+02, 3.030406418810341e+02, 3.030903760528482e+02, 3.031395924252541e+02, 3.031890238512078e+02, 3.032390797270381e+02, 3.03290371568663e+02, 3.033424263506033e+02, 3.033947379895305e+02, 3.034471885769902e+02, 3.034996446301645e+02, 3.035519357135943e+02, 3.036041926746838e+02, 3.036564636230469e+02, 3.03708890338391e+02, 3.037613869901032e+02, 3.038139420852928e+02, 3.038665466308594e+02]
outputs.building.TZone[1]=[2.931499938964844e+02, 2.909277056385351e+02, 2.901351596460749e+02, 2.899008960797394e+02, 2.898037643609059e+02, 2.897639850588608e+02, 2.89739585877691e+02, 2.897194519042969e+02, 2.896998580189547e+02, 2.896796150219889e+02, 2.896587689700274e+02, 2.896372661631443e+02, 2.896147689764847e+02, 2.895916137647884e+02, 2.895679168701172e+02, 2.895441382353605e+02, 2.895213012842341e+02, 2.894984766679189e+02, 2.894755325148257e+02, 2.894522565102537e+02, 2.894286422691226e+02, 2.894048156738281e+02, 2.89380682637232e+02, 2.893562272557553e+02, 2.8933154296875e+02, 2.893066628601908e+02, 2.892815844116702e+02, 2.892562751739353e+02, 2.892308349609375e+02, 2.892052205519055e+02, 2.891792297552133e+02, 2.891525936083484e+02, 2.891254984537761e+02, 2.890979767251864e+02, 2.890700276782966e+02, 2.890419355800977e+02, 2.890138058916996e+02, 2.889857562733902e+02, 2.889581069857037e+02, 2.889308834141196e+02, 2.889041697519119e+02, 2.888782456757761e+02, 2.888534660101135e+02, 2.888294609942191e+02, 2.888066253806119e+02, 2.887843284498926e+02, 2.887622960514811e+02, 2.887404543803732e+02, 2.887187805175781e+02, 2.886990426158335e+02, 2.886820068359375e+02, 2.886693439541096e+02, 2.886574834111221e+02, 2.886461353383978e+02, 2.886350250350208e+02, 2.886241181674277e+02, 2.886134592554371e+02, 2.886029634450404e+02, 2.885926729870894e+02, 2.885825112588775e+02, 2.885726089573474e+02, 2.88562852867312e+02, 2.885532429982551e+02, 2.885438079696873e+02, 2.88534535722495e+02, 2.885254421386926e+02, 2.885164642590099e+02, 2.885076522983663e+02, 2.884989827529723e+02, 2.884904346425211e+02, 2.884820111459308e+02, 2.884737554959339e+02, 2.884657370938592e+02, 2.884581241800075e+02, 2.884511146658592e+02, 2.884450492887991e+02, 2.884395624763637e+02, 2.88434626889548e+02, 2.884303321713556e+02, 2.88426504701015e+02, 2.884230855389349e+02, 2.884198856396122e+02, 2.884169705718235e+02, 2.884141349769844e+02, 2.884113159124498e+02, 2.884084676019388e+02, 2.884086379899678e+02, 2.884274100631052e+02, 2.884549051494004e+02, 2.884879277493879e+02, 2.885227432591169e+02, 2.885583980049174e+02, 2.88594703326502e+02, 2.886316615101164e+02, 2.88669287278324e+02, 2.887073223950459e+02, 2.887458190917969e+02, 2.887849833613239e+02, 2.888245672490593e+02, 2.88864562394494e+02, 2.88905029296875e+02]
electricalGrid.PElecGen=[0e+00, 0e+00]
electricalGrid.PElecLoa=[1.627543579101562e+03, 1.73820304417417e+03, 1.738409282196741e+03, 1.738551338186511e+03, 1.738674082415854e+03, 1.738767285447623e+03, 1.7388344421356e+03, 1.738881713867188e+03, 1.738889738382533e+03, 1.738862442018833e+03, 1.738805191032946e+03, 1.73871573895842e+03, 1.738571899379224e+03, 1.738387934325506e+03, 1.738169921875e+03, 1.737904044109149e+03, 1.737615438012935e+03, 1.737313814849251e+03, 1.736999282596905e+03, 1.736668968054011e+03, 1.736324981633358e+03, 1.735972290039062e+03, 1.73560807306815e+03, 1.735232808688512e+03, 1.73485009765625e+03, 1.734461232232295e+03, 1.73406638574556e+03, 1.733665245007527e+03, 1.73326123046875e+03, 1.732838574939421e+03, 1.73236103855499e+03, 1.731814692088845e+03, 1.731229777018229e+03, 1.730613976450664e+03, 1.729976934002925e+03, 1.729344787088878e+03, 1.728726238848049e+03, 1.728134224718567e+03, 1.72760698428673e+03, 1.727140503033168e+03, 1.726742716856761e+03, 1.726444356330728e+03, 1.726282714709226e+03, 1.726202758789062e+03, 1.726202758789062e+03, 1.726202758789062e+03, 1.726202758789062e+03, 1.726202758789062e+03, 1.726202758789062e+03, 1.726202758789062e+03, 1.726202758789062e+03, 1.726202758789062e+03, 1.726202758789062e+03, 1.726202758789062e+03, 1.726202758789062e+03, 1.726202758789062e+03, 1.726202758789062e+03, 1.726202758789062e+03, 1.726202758789062e+03, 1.726202758789062e+03, 1.726202758789062e+03, 1.726202758789062e+03, 1.726202758789062e+03, 1.726202758789062e+03, 1.726202758789062e+03, 1.726202758789062e+03, 1.726202758789062e+03, 1.726202758789062e+03, 1.726202758789062e+03, 1.726202758789062e+03, 1.726202758789062e+03, 1.726202758789062e+03, 1.72623710485138e+03, 1.726333261645789e+03, 1.726508076703406e+03, 1.726777221546543e+03, 1.727097859929787e+03, 1.727464793624093e+03, 1.727879578842265e+03, 1.728324957724469e+03, 1.728791217849163e+03, 1.729265914227037e+03, 1.729740691985348e+03, 1.730201482504543e+03, 1.730643128246829e+03, 1.731058803562036e+03, 1.731429229274808e+03, 1.731786353200233e+03, 1.732143310086042e+03, 1.732500060977552e+03, 1.732856582986967e+03, 1.733212893915677e+03, 1.73356900660341e+03, 1.733924978679678e+03, 1.734280633758333e+03, 1.734636128341871e+03, 1.734991455078125e+03, 1.735346514785269e+03, 1.73570140664513e+03, 1.736056128249083e+03, 1.73641064453125e+03]
