last-generated=2024-06-28
statistics-initialization=
{
  "linear": "0, 0, 0, 0, 0, 0",
  "nonlinear": "0, 0, 5, 2, 5, 1, 1",
  "numerical Jacobians": "0"
}
statistics-simulation=
{
  "linear": "0, 0, 0, 0, 0, 0, 0, 0, 0, 0, 0, 0, 0, 0, 0, 0, 0, 0, 0, 0, 0, 0, 0, 0, 0, 0, 0,   0, 0, 0, 0, 0, 0, 0, 0, 0, 0, 0, 0, 0, 0, 0, 0, 0, 0",
  "nonlinear": "1, 6, 1, 1, 1, 1, 1, 0, 1, 0, 1, 0, 1, 1, 1",
  "number of continuous time states": "110",
  "numerical Jacobians": "0"
}
time=[0e+00, 1.728e+05]
hydraulic.generation.weaBus.TDryBul=[2.711499938964844e+02, 2.711964111328125e+02, 2.711585388183594e+02, 2.710329895019531e+02, 2.708773498535156e+02, 2.706598205566406e+02, 2.704615478515625e+02, 2.704500122070312e+02, 2.704500122070312e+02, 2.704500122070312e+02, 2.704500122070312e+02, 2.704904479980469e+02, 2.706648559570312e+02, 2.708219909667969e+02, 2.709660034179688e+02, 2.710835876464844e+02, 2.710487060546875e+02, 2.710967712402344e+02, 2.713839721679688e+02, 2.715577392578125e+02, 2.713986511230469e+02, 2.713771667480469e+02, 2.716394348144531e+02, 2.718602600097656e+02, 2.719464111328125e+02, 2.720499877929688e+02, 2.722364196777344e+02, 2.724353637695312e+02, 2.725456237792969e+02, 2.726259155273438e+02, 2.730393371582031e+02, 2.736041564941406e+02, 2.736746826171875e+02, 2.736636657714844e+02, 2.736180114746094e+02, 2.735700073242188e+02, 2.735389404296875e+02, 2.735155944824219e+02, 2.7335400390625e+02, 2.731619873046875e+02, 2.729700012207031e+02, 2.727780151367188e+02, 2.72593994140625e+02, 2.724955749511719e+02, 2.724342651367188e+02, 2.723796081542969e+02, 2.723463134765625e+02, 2.723376770019531e+02, 2.723522033691406e+02, 2.724003295898438e+02, 2.724500122070312e+02, 2.724666442871094e+02, 2.724525451660156e+02, 2.724020690917969e+02, 2.722803344726562e+02, 2.720899963378906e+02, 2.718980102539062e+02, 2.717059936523438e+02, 2.715140075683594e+02, 2.713631591796875e+02, 2.713411865234375e+02, 2.713729858398438e+02, 2.714293518066406e+02, 2.714556884765625e+02, 2.714446716308594e+02, 2.714856872558594e+02, 2.716668701171875e+02, 2.717514038085938e+02, 2.716672058105469e+02, 2.716678771972656e+02, 2.71758056640625e+02, 2.718697814941406e+02, 2.7200390625e+02, 2.721656494140625e+02, 2.724968872070312e+02, 2.728500061035156e+02, 2.729950561523438e+02, 2.729598999023438e+02, 2.725846862792969e+02, 2.721623229980469e+02, 2.721732788085938e+02, 2.722332153320312e+02, 2.723517456054688e+02, 2.724693908691406e+02, 2.722129516601562e+02, 2.715361633300781e+02, 2.708384399414062e+02, 2.701152648925781e+02, 2.6966552734375e+02, 2.693913269042969e+02, 2.691483459472656e+02, 2.68912841796875e+02, 2.686530456542969e+02, 2.682867126464844e+02, 2.680051879882812e+02, 2.680009765625e+02, 2.679133911132812e+02, 2.676651611328125e+02, 2.674332275390625e+02, 2.672374267578125e+02, 2.670499877929688e+02]
hydraulic.generation.sigBusGen.TGenOutMea=[2.931499938964844e+02, 3.023843994140625e+02, 3.131422119140625e+02, 3.196109924316406e+02, 3.225498657226562e+02, 3.227887268066406e+02, 3.228515014648438e+02, 3.228193969726562e+02, 3.227987976074219e+02, 3.227933349609375e+02, 3.227923278808594e+02, 3.227611389160156e+02, 3.225960083007812e+02, 3.224252624511719e+02, 3.222786865234375e+02, 3.250918579101562e+02, 3.221688842773438e+02, 3.22275390625e+02, 3.219285888671875e+02, 3.216670227050781e+02, 3.217698364257812e+02, 3.218298950195312e+02, 3.215936889648438e+02, 3.213406066894531e+02, 3.212284240722656e+02, 3.211244812011719e+02, 3.209391784667969e+02, 3.207282104492188e+02, 3.206004333496094e+02, 3.205200805664062e+02, 3.200031127929688e+02, 3.196724243164062e+02, 3.194728393554688e+02, 3.194291076660156e+02, 3.194618835449219e+02, 3.195105590820312e+02, 3.195472412109375e+02, 3.195689086914062e+02, 3.197196350097656e+02, 3.199200134277344e+02, 3.201236267089844e+02, 3.203291931152344e+02, 3.205258178710938e+02, 3.284541931152344e+02, 3.208037414550781e+02, 3.208783569335938e+02, 3.208412170410156e+02, 3.208219299316406e+02, 3.208011169433594e+02, 3.207525329589844e+02, 3.206980895996094e+02, 3.206760559082031e+02, 3.235708923339844e+02, 3.207967224121094e+02, 3.209820861816406e+02, 3.211002502441406e+02, 3.212636108398438e+02, 3.214545593261719e+02, 3.216543884277344e+02, 3.218229370117188e+02, 3.218641967773438e+02, 3.218354187011719e+02, 3.217759094238281e+02, 3.217417297363281e+02, 3.217548522949219e+02, 3.22907470703125e+02, 3.215766906738281e+02, 3.215808715820312e+02, 3.215653686523438e+02, 3.215440368652344e+02, 3.214472351074219e+02, 3.213515319824219e+02, 3.212283325195312e+02, 3.210661010742188e+02, 3.207350769042969e+02, 3.203441467285156e+02, 3.201461791992188e+02, 3.201526184082031e+02, 3.205010986328125e+02, 3.209732360839844e+02, 3.212626647949219e+02, 3.210553283691406e+02, 3.208373107910156e+02, 3.206776733398438e+02, 3.208898010253906e+02, 3.215758361816406e+02, 3.223200073242188e+02, 3.230823974609375e+02, 3.235779418945312e+02, 3.238490905761719e+02, 3.240935363769531e+02, 3.243544311523438e+02, 3.246253051757812e+02, 3.269570617675781e+02, 3.253794250488281e+02, 3.255594482421875e+02, 3.254761657714844e+02, 3.256622619628906e+02, 3.259099426269531e+02, 3.261176452636719e+02, 3.263120422363281e+02]
outputs.building.TZone[1]=[2.931499938964844e+02, 2.89669921875e+02, 2.905017395019531e+02, 2.910151062011719e+02, 2.912960815429688e+02, 2.912460021972656e+02, 2.911338806152344e+02, 2.910406188964844e+02, 2.910072326660156e+02, 2.909953918457031e+02, 2.90987548828125e+02, 2.90986083984375e+02, 2.909961242675781e+02, 2.911050109863281e+02, 2.913987121582031e+02, 2.916737670898438e+02, 2.918293762207031e+02, 2.920605163574219e+02, 2.922161560058594e+02, 2.923502502441406e+02, 2.924101257324219e+02, 2.924956970214844e+02, 2.925818176269531e+02, 2.926476440429688e+02, 2.926221008300781e+02, 2.925978088378906e+02, 2.925498046875e+02, 2.924849853515625e+02, 2.925748901367188e+02, 2.926963195800781e+02, 2.927899780273438e+02, 2.929644165039062e+02, 2.930067138671875e+02, 2.930130004882812e+02, 2.929817199707031e+02, 2.929248962402344e+02, 2.9286083984375e+02, 2.92781494140625e+02, 2.926822204589844e+02, 2.92548095703125e+02, 2.924467163085938e+02, 2.924481201171875e+02, 2.924479370117188e+02, 2.924230041503906e+02, 2.923847351074219e+02, 2.923258056640625e+02, 2.922460632324219e+02, 2.922406005859375e+02, 2.9224169921875e+02, 2.922238464355469e+02, 2.922025146484375e+02, 2.922002258300781e+02, 2.922026977539062e+02, 2.921867065429688e+02, 2.922228698730469e+02, 2.922266845703125e+02, 2.922330322265625e+02, 2.922434692382812e+02, 2.922561950683594e+02, 2.92271240234375e+02, 2.922857360839844e+02, 2.922959289550781e+02, 2.923043823242188e+02, 2.923943481445312e+02, 2.926382751464844e+02, 2.928575439453125e+02, 2.929393920898438e+02, 2.930774230957031e+02, 2.93126708984375e+02, 2.931914978027344e+02, 2.932484130859375e+02, 2.934630432128906e+02, 2.93645751953125e+02, 2.937075805664062e+02, 2.936722412109375e+02, 2.935821533203125e+02, 2.934405822753906e+02, 2.933154907226562e+02, 2.932338562011719e+02, 2.932033081054688e+02, 2.932033081054688e+02, 2.932066955566406e+02, 2.931774291992188e+02, 2.93151123046875e+02, 2.931330871582031e+02, 2.931355895996094e+02, 2.931380615234375e+02, 2.931336669921875e+02, 2.930878601074219e+02, 2.929916076660156e+02, 2.929458618164062e+02, 2.929783630371094e+02, 2.929979858398438e+02, 2.929968872070312e+02, 2.929709777832031e+02, 2.930274047851562e+02, 2.930068664550781e+02, 2.930146789550781e+02, 2.930311584472656e+02, 2.930278625488281e+02, 2.930222778320312e+02]
electricalGrid.PElecGen=[0e+00, 0e+00]
electricalGrid.PElecLoa=[4.20201708984375e+03, 4.4694345703125e+03, 4.50720556640625e+03, 4.8935595703125e+03, 4.019876220703125e+03, 3.386943359375e+03, 3.3134150390625e+03, 3.2805439453125e+03, 3.2833837890625e+03, 3.289085205078125e+03, 3.29429345703125e+03, 3.27596923828125e+03, 3.203407470703125e+03, 3.157349853515625e+03, 3.09793310546875e+03, 5.11543115234375e+03, 3.64598095703125e+03, 3.133836669921874e+03, 2.893765869140625e+03, 2.84124560546875e+03, 2.941905517578125e+03, 2.92525537109375e+03, 2.79571484375e+03, 2.739197265625e+03, 2.740213134765625e+03, 2.72050048828125e+03, 2.671669189453125e+03, 2.631116943359375e+03, 2.62115478515625e+03, 2.601287841796875e+03, 3.08847265625e+03, 2.446619873046875e+03, 2.367282958984375e+03, 2.37848486328125e+03, 2.399733154296875e+03, 2.41669775390625e+03, 2.424100341796875e+03, 2.434006103515625e+03, 2.4946787109375e+03, 2.55161669921875e+03, 2.60218017578125e+03, 2.6432490234375e+03, 2.67921337890625e+03, 5.45480810546875e+03, 3.04782275390625e+03, 2.759211669921875e+03, 2.715212158203125e+03, 2.711681396484375e+03, 2.706926513671875e+03, 2.693264404296875e+03, 2.68453466796875e+03, 2.687516845703125e+03, 5.188341796875e+03, 3.157513427734375e+03, 2.8336640625e+03, 2.81254248046875e+03, 2.856958251953125e+03, 2.909299560546875e+03, 2.9602421875e+03, 2.989592529296875e+03, 2.968376220703125e+03, 2.9433388671875e+03, 2.92056005859375e+03, 2.915396728515625e+03, 2.90581298828125e+03, 5.1099091796875e+03, 3.333098876953125e+03, 2.867328125e+03, 2.810967529296875e+03, 2.7734970703125e+03, 2.720231689453125e+03, 2.618836669921875e+03, 2.475912353515625e+03, 2.3229072265625e+03, 2.15075439453125e+03, 2.018156372070312e+03, 1.987090209960938e+03, 2.00993994140625e+03, 2.122300537109375e+03, 2.174336669921875e+03, 2.255731689453125e+03, 2.036453002929688e+03, 2.011731201171875e+03, 2.015484985351562e+03, 2.1306748046875e+03, 2.293924560546875e+03, 2.418765869140625e+03, 2.556894775390625e+03, 2.617819091796875e+03, 2.736617431640625e+03, 2.890603759765625e+03, 2.998776123046875e+03, 3.11530126953125e+03, 5.1437998046875e+03, 4.17201806640625e+03, 3.446305908203125e+03, 3.473369873046875e+03, 3.6590595703125e+03, 3.7868798828125e+03, 3.90035205078125e+03, 4.0277431640625e+03]
