last-generated=2024-06-28
statistics-initialization=
{
  "linear": "0, 0, 0, 0, 0, 0",
  "nonlinear": "0, 0, 5, 2, 0, 0, 5, 1, 1",
  "numerical Jacobians": "0"
}
statistics-simulation=
{
  "linear": "0, 0, 0, 0, 0, 0, 0, 0, 0",
  "nonlinear": "2, 6, 1, 0, 1, 0, 1, 0, 1, 1, 1",
  "number of continuous time states": "77",
  "numerical Jacobians": "0"
}
time=[0e+00, 1.728e+05]
hydraulic.generation.weaBus.TDryBul=[2.711499938964844e+02, 2.711964111328125e+02, 2.711585388183594e+02, 2.710329895019531e+02, 2.708773498535156e+02, 2.706598205566406e+02, 2.704615478515625e+02, 2.704500122070312e+02, 2.704500122070312e+02, 2.704500122070312e+02, 2.704500122070312e+02, 2.704904479980469e+02, 2.706648559570312e+02, 2.708219909667969e+02, 2.709660034179688e+02, 2.710835876464844e+02, 2.710487060546875e+02, 2.710967712402344e+02, 2.713839721679688e+02, 2.715577392578125e+02, 2.713986511230469e+02, 2.713771667480469e+02, 2.716394348144531e+02, 2.718602600097656e+02, 2.719464111328125e+02, 2.720499877929688e+02, 2.722364196777344e+02, 2.724353637695312e+02, 2.725456237792969e+02, 2.726259155273438e+02, 2.730393371582031e+02, 2.736041564941406e+02, 2.736746826171875e+02, 2.736636657714844e+02, 2.736180114746094e+02, 2.735700073242188e+02, 2.735389404296875e+02, 2.735155944824219e+02, 2.7335400390625e+02, 2.731619873046875e+02, 2.729700012207031e+02, 2.727780151367188e+02, 2.72593994140625e+02, 2.724955749511719e+02, 2.724342651367188e+02, 2.723796081542969e+02, 2.723463134765625e+02, 2.723376770019531e+02, 2.723522033691406e+02, 2.724003295898438e+02, 2.724500122070312e+02, 2.724666442871094e+02, 2.724525451660156e+02, 2.724020690917969e+02, 2.722803344726562e+02, 2.720899963378906e+02, 2.718980102539062e+02, 2.717059936523438e+02, 2.715140075683594e+02, 2.713631591796875e+02, 2.713411865234375e+02, 2.713729858398438e+02, 2.714293518066406e+02, 2.714556884765625e+02, 2.714446716308594e+02, 2.714856872558594e+02, 2.716668701171875e+02, 2.717514038085938e+02, 2.716672058105469e+02, 2.716678771972656e+02, 2.71758056640625e+02, 2.718697814941406e+02, 2.7200390625e+02, 2.721656494140625e+02, 2.724968872070312e+02, 2.728500061035156e+02, 2.729950561523438e+02, 2.729598999023438e+02, 2.725846862792969e+02, 2.721623229980469e+02, 2.721732788085938e+02, 2.722332153320312e+02, 2.723517456054688e+02, 2.724693908691406e+02, 2.722129516601562e+02, 2.715361633300781e+02, 2.708384399414062e+02, 2.701152648925781e+02, 2.6966552734375e+02, 2.693913269042969e+02, 2.691483459472656e+02, 2.68912841796875e+02, 2.686530456542969e+02, 2.682867126464844e+02, 2.680051879882812e+02, 2.680009765625e+02, 2.679133911132812e+02, 2.676651611328125e+02, 2.674332275390625e+02, 2.672374267578125e+02, 2.670499877929688e+02]
hydraulic.generation.sigBusGen.TGenOutMea=[2.931499938964844e+02, 3.097331237792969e+02, 3.180159606933594e+02, 3.223304443359375e+02, 3.22605224609375e+02, 3.226190795898438e+02, 3.227703857421875e+02, 3.227958374023438e+02, 3.227928161621094e+02, 3.227919311523438e+02, 3.227919921875e+02, 3.227615356445312e+02, 3.225960083007812e+02, 3.224232788085938e+02, 3.222772827148438e+02, 3.221485900878906e+02, 3.221617126464844e+02, 3.2213818359375e+02, 3.21867919921875e+02, 3.208235778808594e+02, 3.220059509277344e+02, 3.219561462402344e+02, 3.216210327148438e+02, 3.2133984375e+02, 3.212265319824219e+02, 3.211250610351562e+02, 3.209397583007812e+02, 3.207276000976562e+02, 3.205986328125e+02, 3.205203857421875e+02, 3.201476135253906e+02, 3.195369567871094e+02, 3.193979187011719e+02, 3.194090270996094e+02, 3.194592895507812e+02, 3.195111389160156e+02, 3.195481262207031e+02, 3.195684204101562e+02, 3.197187805175781e+02, 3.193970336914062e+02, 3.203237609863281e+02, 3.20412353515625e+02, 3.205439453125e+02, 3.20643310546875e+02, 3.207058410644531e+02, 3.178746032714844e+02, 3.20825927734375e+02, 3.210333862304688e+02, 3.208674621582031e+02, 3.207644653320312e+02, 3.206984558105469e+02, 3.206752624511719e+02, 3.206871032714844e+02, 3.207359619140625e+02, 3.208542785644531e+02, 3.210488891601562e+02, 3.212508239746094e+02, 3.21452880859375e+02, 3.216546020507812e+02, 3.218242492675781e+02, 3.218650512695312e+02, 3.218348693847656e+02, 3.217749938964844e+02, 3.217402648925781e+02, 3.217541198730469e+02, 3.193677978515625e+02, 3.216434020996094e+02, 3.216050415039062e+02, 3.215525817871094e+02, 3.215330505371094e+02, 3.214383850097656e+02, 3.213337707519531e+02, 3.212119750976562e+02, 3.210538635253906e+02, 3.20731201171875e+02, 3.203409423828125e+02, 3.201469421386719e+02, 3.201558532714844e+02, 3.20501708984375e+02, 3.209784240722656e+02, 3.210156860351562e+02, 3.209445495605469e+02, 3.208197631835938e+02, 3.208216247558594e+02, 3.210848388671875e+02, 3.216227416992188e+02, 3.223263549804688e+02, 3.230834655761719e+02, 3.235835266113281e+02, 3.238536987304688e+02, 3.240935974121094e+02, 3.243537902832031e+02, 3.246248168945312e+02, 3.249912414550781e+02, 3.25310302734375e+02, 3.195146179199219e+02, 3.233671569824219e+02, 3.2576025390625e+02, 3.260287780761719e+02, 3.261564025878906e+02, 3.263205871582031e+02]
outputs.building.TZone[1]=[2.931499938964844e+02, 2.903801574707031e+02, 2.9097021484375e+02, 2.913576049804688e+02, 2.913655700683594e+02, 2.91243408203125e+02, 2.911259765625e+02, 2.910341491699219e+02, 2.9099951171875e+02, 2.909848327636719e+02, 2.90973876953125e+02, 2.909693298339844e+02, 2.909770202636719e+02, 2.910832824707031e+02, 2.913744812011719e+02, 2.916474914550781e+02, 2.918298034667969e+02, 2.920179443359375e+02, 2.921754150390625e+02, 2.921238403320312e+02, 2.923584594726562e+02, 2.924645690917969e+02, 2.925405578613281e+02, 2.925996398925781e+02, 2.925718078613281e+02, 2.925457763671875e+02, 2.92496337890625e+02, 2.92429931640625e+02, 2.925177612304688e+02, 2.926370239257812e+02, 2.927777404785156e+02, 2.928972778320312e+02, 2.929349975585938e+02, 2.9294482421875e+02, 2.929143371582031e+02, 2.928566589355469e+02, 2.927911376953125e+02, 2.927104797363281e+02, 2.926089477539062e+02, 2.9235107421875e+02, 2.923645324707031e+02, 2.923755798339844e+02, 2.923657531738281e+02, 2.92340576171875e+02, 2.9230615234375e+02, 2.922239379882812e+02, 2.920288696289062e+02, 2.921544799804688e+02, 2.921513061523438e+02, 2.921246643066406e+02, 2.92099853515625e+02, 2.920956420898438e+02, 2.920965576171875e+02, 2.920988464355469e+02, 2.921020812988281e+02, 2.921082763671875e+02, 2.921176147460938e+02, 2.921279602050781e+02, 2.9213916015625e+02, 2.921523742675781e+02, 2.921656494140625e+02, 2.921746520996094e+02, 2.921819458007812e+02, 2.922704162597656e+02, 2.925125732421875e+02, 2.927305603027344e+02, 2.927670288085938e+02, 2.929470825195312e+02, 2.929925231933594e+02, 2.930592346191406e+02, 2.931290893554688e+02, 2.933612365722656e+02, 2.935701904296875e+02, 2.936621704101562e+02, 2.936556701660156e+02, 2.935884094238281e+02, 2.934627990722656e+02, 2.933450012207031e+02, 2.932655334472656e+02, 2.932350463867188e+02, 2.932322692871094e+02, 2.932236328125e+02, 2.932002258300781e+02, 2.931615295410156e+02, 2.931668395996094e+02, 2.931569213867188e+02, 2.93152587890625e+02, 2.931455688476562e+02, 2.930971069335938e+02, 2.929965209960938e+02, 2.929463195800781e+02, 2.929764404296875e+02, 2.929947814941406e+02, 2.929936218261719e+02, 2.929958190917969e+02, 2.929934997558594e+02, 2.927126159667969e+02, 2.930125732421875e+02, 2.930546264648438e+02, 2.93042236328125e+02, 2.930283508300781e+02]
electricalGrid.PElecGen=[0e+00, 0e+00]
electricalGrid.PElecLoa=[4.20362744140625e+03, 4.471044921875e+03, 4.91129541015625e+03, 4.0952939453125e+03, 3.207312255859375e+03, 3.21504638671875e+03, 3.292612060546875e+03, 3.278545166015625e+03, 3.283501220703125e+03, 3.28956298828125e+03, 3.29488916015625e+03, 3.27542626953125e+03, 3.201082763671875e+03, 3.159995361328125e+03, 3.103027099609375e+03, 3.0538056640625e+03, 3.0783515625e+03, 3.02773974609375e+03, 2.885101318359375e+03, 4.72384716796875e+03, 3.19791064453125e+03, 2.919530029296875e+03, 2.78276806640625e+03, 2.745554931640625e+03, 2.753017822265625e+03, 2.730672607421875e+03, 2.6790595703125e+03, 2.639490234375e+03, 2.633964599609375e+03, 2.61253076171875e+03, 2.4460751953125e+03, 2.3114853515625e+03, 2.372881591796875e+03, 2.3970810546875e+03, 2.41371142578125e+03, 2.427488525390625e+03, 2.433101806640625e+03, 2.4443505859375e+03, 2.509259521484375e+03, 3.8431796875e+03, 2.739806396484375e+03, 2.647458740234375e+03, 2.684067138671875e+03, 2.695498046875e+03, 2.7054443359375e+03, 4.94174609375e+03, 3.558732177734375e+03, 2.7808974609375e+03, 2.7063095703125e+03, 2.700156982421875e+03, 2.698064697265625e+03, 2.70385009765625e+03, 2.71399072265625e+03, 2.732593505859375e+03, 2.772980224609375e+03, 2.82687744140625e+03, 2.87734228515625e+03, 2.926859619140625e+03, 2.9766083984375e+03, 3.003346923828125e+03, 2.9793134765625e+03, 2.955767333984375e+03, 2.9347900390625e+03, 2.932782958984375e+03, 2.924748779296875e+03, 5.08244091796875e+03, 3.360126953125e+03, 2.814548828125e+03, 2.813874267578125e+03, 2.798983642578125e+03, 2.761342529296875e+03, 2.697318115234375e+03, 2.5864912109375e+03, 2.454239990234375e+03, 2.269535400390625e+03, 2.14268603515625e+03, 2.109467529296875e+03, 2.12560400390625e+03, 2.237925048828125e+03, 2.2795908203125e+03, 2.188423583984375e+03, 2.147318603515625e+03, 2.106871337890625e+03, 2.65012548828125e+03, 2.211266357421875e+03, 2.362344482421875e+03, 2.5041171875e+03, 2.6409697265625e+03, 2.68867431640625e+03, 2.79894580078125e+03, 2.959301025390625e+03, 3.072007080078125e+03, 3.191373779296875e+03, 3.36814794921875e+03, 3.486694580078125e+03, 4.8417578125e+03, 5.02290185546875e+03, 4.20714306640625e+03, 3.9565673828125e+03, 4.02309716796875e+03, 4.15472900390625e+03]
