last-generated=2024-06-28
statistics-initialization=
{
  "linear": "0, 0, 0, 0, 0, 0",
  "nonlinear": "5, 2, 1, 1, 5, 1",
  "numerical Jacobians": "0"
}
statistics-simulation=
{
  "linear": "0, 0, 0, 0, 0, 0, 0, 0, 0, 0, 0, 0, 0, 0, 0, 0, 0, 0, 0, 0, 0, 0, 0, 0, 0, 0, 0,   0, 0, 0, 0, 0, 0, 0, 0, 0, 0, 0, 0, 0, 0, 0, 0, 0, 0, 0, 0, 0, 0, 0, 0, 0, 0,   0, 0, 0, 0, 0, 0, 0, 0, 0, 0, 0, 0, 0, 0, 0, 0, 0, 0, 0, 0, 0",
  "nonlinear": "1, 1, 6, 1, 1, 1, 1, 1, 1, 1, 1, 1, 1, 1, 1, 1, 1, 1, 1, 1, 1, 1, 1, 1, 1, 1, 1,   1, 1, 1, 1, 1, 1, 1, 0, 1, 0, 1, 0, 1, 1",
  "number of continuous time states": "237",
  "numerical Jacobians": "0"
}
time=[0e+00, 2.52e+04]
hydraulic.generation.weaBus.TDryBul=[2.711499938964844e+02, 2.711600751631505e+02, 2.711693144487381e+02, 2.711773204798127e+02, 2.711843744900923e+02, 2.711898502480618e+02, 2.711938362119763e+02, 2.711966400146484e+02, 2.711971098246468e+02, 2.711954917909035e+02, 2.711920827225578e+02, 2.711867364263202e+02, 2.711781692484133e+02, 2.711672331467539e+02, 2.711542663574219e+02, 2.711384408189334e+02, 2.71121307384171e+02, 2.711034075448931e+02, 2.710847434855112e+02, 2.710651391260199e+02, 2.710447514818652e+02, 2.710238647460938e+02, 2.710023015429816e+02, 2.709800936533422e+02, 2.709574584960938e+02, 2.709344736574991e+02, 2.709111531481383e+02, 2.708874969453749e+02, 2.708636779785156e+02, 2.708387610242588e+02, 2.70810611745307e+02, 2.707784614509739e+02, 2.707440694173177e+02, 2.707078857965147e+02, 2.706705017210571e+02, 2.706334514319875e+02, 2.70597255546764e+02, 2.705626347016487e+02, 2.705318361819035e+02, 2.705046081603332e+02, 2.704814097311083e+02, 2.704640305865057e+02, 2.704546432417076e+02, 2.704500122070312e+02, 2.704500122070312e+02, 2.704500122070312e+02, 2.704500122070312e+02, 2.704500122070312e+02, 2.704500122070312e+02, 2.704500122070312e+02, 2.704500122070312e+02, 2.704500122070312e+02, 2.704500122070312e+02, 2.704500122070312e+02, 2.704500122070312e+02, 2.704500122070312e+02, 2.704500122070312e+02, 2.704500122070312e+02, 2.704500122070312e+02, 2.704500122070312e+02, 2.704500122070312e+02, 2.704500122070312e+02, 2.704500122070312e+02, 2.704500122070312e+02, 2.704500122070312e+02, 2.704500122070312e+02, 2.704500122070312e+02, 2.704500122070312e+02, 2.704500122070312e+02, 2.704500122070312e+02, 2.704500122070312e+02, 2.704500122070312e+02, 2.70452023587902e+02, 2.704576472955717e+02, 2.704678611590449e+02, 2.704835719984538e+02, 2.705022990042804e+02, 2.705237369967767e+02, 2.705479698885466e+02, 2.705740113732467e+02, 2.70601297942519e+02, 2.70629093129744e+02, 2.706569086620785e+02, 2.706839294649178e+02, 2.707098465438812e+02, 2.70734257455058e+02, 2.707560017632299e+02, 2.707770080057628e+02, 2.707980092095475e+02, 2.708189932471407e+02, 2.708399963582418e+02, 2.708610026482608e+02, 2.708820065343117e+02, 2.709029911353916e+02, 2.709239908379307e+02, 2.709449971279497e+02, 2.709660034179688e+02, 2.709870097079878e+02, 2.710080020107332e+02, 2.710289896702575e+02, 2.710499877929688e+02]
hydraulic.generation.sigBusGen.TGenOutMea=[2.931499938964844e+02, 2.970319751831692e+02, 2.969797802640184e+02, 2.970944881266725e+02, 2.973223749382588e+02, 2.975611168104762e+02, 2.977853469720711e+02, 2.979941101074219e+02, 2.981766822663629e+02, 2.983417205713426e+02, 2.98494487773861e+02, 2.986353651454273e+02, 2.987610245055327e+02, 2.98878114723048e+02, 2.989884643554688e+02, 2.990896518906946e+02, 2.991832885141139e+02, 2.992723979811439e+02, 2.993571091276115e+02, 2.994366391852981e+02, 2.99511896781185e+02, 2.995844421386719e+02, 2.996534703307603e+02, 2.997191148943237e+02, 2.997824554443359e+02, 2.998438657533171e+02, 2.999033686560184e+02, 2.999606895516034e+02, 3.000168914794922e+02, 3.000717995723871e+02, 3.001253165809871e+02, 3.001775614504507e+02, 3.002290344238281e+02, 3.0027984230382e+02, 3.003299992717256e+02, 3.003799496099625e+02, 3.004298082350577e+02, 3.00479684543111e+02, 3.005298983418213e+02, 3.005804958220354e+02, 3.006315561261453e+02, 3.006833375211393e+02, 3.00736167959067e+02, 3.007896821705301e+02, 3.00844065312894e+02, 3.008988952902318e+02, 3.009542375931418e+02, 3.010100135167896e+02, 3.010662231445312e+02, 3.011231448499007e+02, 3.011803894042969e+02, 3.012384795858869e+02, 3.012970479707706e+02, 3.013562074866625e+02, 3.014156493562859e+02, 3.01475314467873e+02, 3.015351512410311e+02, 3.015950479652561e+02, 3.016548499868088e+02, 3.01714591387449e+02, 3.017741164584447e+02, 3.018334369181366e+02, 3.01892542540159e+02, 3.01951377954153e+02, 3.020097598336594e+02, 3.020676878904926e+02, 3.021252363457912e+02, 3.021821580511606e+02, 3.022383854821882e+02, 3.022940483360371e+02, 3.023491313536595e+02, 3.024032492533696e+02, 3.024568369720745e+02, 3.025100318728334e+02, 3.025629258891207e+02, 3.026153583272761e+02, 3.026674321827243e+02, 3.02719137918539e+02, 3.027703630028863e+02, 3.028211184540012e+02, 3.028713479342604e+02, 3.029211711169854e+02, 3.029702822208752e+02, 3.03018741646579e+02, 3.030665894468764e+02, 3.031137645897158e+02, 3.031599781715808e+02, 3.032060316874282e+02, 3.032524922077118e+02, 3.032998453699581e+02, 3.033476562963937e+02, 3.033955867502834e+02, 3.034435623583595e+02, 3.034915356785908e+02, 3.035394654780421e+02, 3.035873584206306e+02, 3.036352233886719e+02, 3.036830215994356e+02, 3.037307638611048e+02, 3.037784584526968e+02, 3.038261108398438e+02]
outputs.building.TZone[1]=[2.931499938964844e+02, 2.909277051417229e+02, 2.901351621145343e+02, 2.89900938041406e+02, 2.898038508273692e+02, 2.897640660218539e+02, 2.897395286572495e+02, 2.897190704345703e+02, 2.896987979348769e+02, 2.896775531781828e+02, 2.896554743430389e+02, 2.896325175011427e+02, 2.896083068789017e+02, 2.895832920023127e+02, 2.895576324462891e+02, 2.895317753472053e+02, 2.895068054360044e+02, 2.894818687479279e+02, 2.894568443114501e+02, 2.894315433389851e+02, 2.894060287434302e+02, 2.8938037109375e+02, 2.893545328880959e+02, 2.893285420914037e+02, 2.893024749755859e+02, 2.892763379234989e+02, 2.892501246028625e+02, 2.892238693205506e+02, 2.891976165771484e+02, 2.891713002640567e+02, 2.891447754098982e+02, 2.891177342688912e+02, 2.890903422037761e+02, 2.890626316477687e+02, 2.890346158436014e+02, 2.890065682502542e+02, 2.88978563396331e+02, 2.889507459768487e+02, 2.889234059563447e+02, 2.888965740268047e+02, 2.888703257570814e+02, 2.888449357391664e+02, 2.888207473522483e+02, 2.887973929535098e+02, 2.887752482235478e+02, 2.887537078753079e+02, 2.887324816488199e+02, 2.887114633160067e+02, 2.886906127929688e+02, 2.886716314737037e+02, 2.886555786132812e+02, 2.886438884788033e+02, 2.886329625377023e+02, 2.886226081922844e+02, 2.886124992466972e+02, 2.886025905593501e+02, 2.885929107540977e+02, 2.885834112144479e+02, 2.885741310149164e+02, 2.885649909908146e+02, 2.88556045540893e+02, 2.885472609272312e+02, 2.885386110914046e+02, 2.885300884122973e+02, 2.885217081674849e+02, 2.885134684383627e+02, 2.885053100818768e+02, 2.884972992085645e+02, 2.884893951466893e+02, 2.884815750084559e+02, 2.884738375222624e+02, 2.884662049401898e+02, 2.884587624393081e+02, 2.884516792476945e+02, 2.884451370344894e+02, 2.884394969967241e+02, 2.884344075490364e+02, 2.884298324513818e+02, 2.884258270147257e+02, 2.884222214689098e+02, 2.884189758380116e+02, 2.884159259837211e+02, 2.884130999256359e+02, 2.884103056567305e+02, 2.884074935857465e+02, 2.884046230228096e+02, 2.884047495419459e+02, 2.884234370561725e+02, 2.884508107078698e+02, 2.884836775408763e+02, 2.885183372836241e+02, 2.885538038373767e+02, 2.885898797532332e+02, 2.88626562894996e+02, 2.886639149136622e+02, 2.887016442185433e+02, 2.887398071289062e+02, 2.887786598644711e+02, 2.888179042436971e+02, 2.888575475121751e+02, 2.888976745605469e+02]
electricalGrid.PElecGen=[0e+00, 0e+00]
electricalGrid.PElecLoa=[1.627543579101562e+03, 1.738203044288031e+03, 1.738409281466809e+03, 1.738551338186511e+03, 1.738674082415854e+03, 1.738767278618802e+03, 1.7388344421356e+03, 1.738881713867188e+03, 1.738889738382533e+03, 1.738862442018833e+03, 1.738805191032946e+03, 1.73871573895842e+03, 1.738571899379224e+03, 1.738387934325506e+03, 1.738169921875e+03, 1.737904044109149e+03, 1.737615438012935e+03, 1.737313814849251e+03, 1.736999282596905e+03, 1.736668968054011e+03, 1.736324981633358e+03, 1.735972290039062e+03, 1.73560807306815e+03, 1.735232808688512e+03, 1.73485009765625e+03, 1.734461232232295e+03, 1.73406638574556e+03, 1.733665245007527e+03, 1.73326123046875e+03, 1.732838574939421e+03, 1.73236103855499e+03, 1.731814692088845e+03, 1.731229777018229e+03, 1.730613976450664e+03, 1.729976934002925e+03, 1.729344787088878e+03, 1.728726238848049e+03, 1.728134224718567e+03, 1.72760698428673e+03, 1.727140503033168e+03, 1.726742716856761e+03, 1.726444356330728e+03, 1.726282714709226e+03, 1.726202758789062e+03, 1.726202758789062e+03, 1.726202758789062e+03, 1.726202758789062e+03, 1.726202758789062e+03, 1.726202758789062e+03, 1.726202758789062e+03, 1.726202758789062e+03, 1.726202758789062e+03, 1.726202758789062e+03, 1.726202758789062e+03, 1.726202758789062e+03, 1.726202758789062e+03, 1.726202758789062e+03, 1.726202758789062e+03, 1.726202758789062e+03, 1.726202758789062e+03, 1.726202758789062e+03, 1.726202758789062e+03, 1.726202758789062e+03, 1.726202758789062e+03, 1.726202758789062e+03, 1.726202758789062e+03, 1.726202758789062e+03, 1.726202758789062e+03, 1.726202758789062e+03, 1.726202758789062e+03, 1.726202758789062e+03, 1.726202758789062e+03, 1.726237160337749e+03, 1.726333383716102e+03, 1.726508198773718e+03, 1.726777343616855e+03, 1.727097931137412e+03, 1.727464793624093e+03, 1.727879578842265e+03, 1.728324903870091e+03, 1.728791095778851e+03, 1.729265807415254e+03, 1.729740763192973e+03, 1.730201540996496e+03, 1.730643128246829e+03, 1.731058803562036e+03, 1.731429229274808e+03, 1.731786353200233e+03, 1.732143310086042e+03, 1.732500060977552e+03, 1.732856582986967e+03, 1.733212893915677e+03, 1.73356900660341e+03, 1.733924978679678e+03, 1.734280633758333e+03, 1.734636128341871e+03, 1.734991455078125e+03, 1.735346514785269e+03, 1.73570140664513e+03, 1.736056128249083e+03, 1.73641064453125e+03]
