last-generated=2024-06-28
statistics-initialization=
{
  "linear": "0, 0, 0, 0, 0, 0",
  "nonlinear": "5, 1, 2, 5, 1",
  "numerical Jacobians": "0"
}
statistics-simulation=
{
  "linear": "0, 0, 0, 0, 0, 0, 0, 0, 0, 0, 0, 0, 0, 0, 0, 0, 0, 0, 0, 0, 0, 0, 0, 0, 0, 0, 0,   0, 0, 0, 0, 0, 0, 0, 0, 0, 0, 0, 0, 0, 0, 0, 0, 0",
  "nonlinear": "1, 1, 6, 1, 1, 1, 1, 1, 0, 1, 0, 1, 0, 1, 1",
  "number of continuous time states": "104",
  "numerical Jacobians": "0"
}
time=[0e+00, 1.728e+05]
hydraulic.generation.weaBus.TDryBul=[2.713500061035156e+02, 2.714423522949219e+02, 2.713688049316406e+02, 2.711300048828125e+02, 2.708900146484375e+02, 2.706499938964844e+02, 2.704100036621094e+02, 2.701031188964844e+02, 2.696802062988281e+02, 2.693132629394531e+02, 2.689815979003906e+02, 2.687498474121094e+02, 2.687302856445312e+02, 2.684281311035156e+02, 2.677860412597656e+02, 2.674700012207031e+02, 2.672780151367188e+02, 2.670859985351562e+02, 2.668940124511719e+02, 2.667543640136719e+02, 2.674586791992188e+02, 2.682342834472656e+02, 2.686448669433594e+02, 2.692129211425781e+02, 2.700237121582031e+02, 2.708500061035156e+02, 2.716349792480469e+02, 2.723893127441406e+02, 2.729895324707031e+02, 2.733184814453125e+02, 2.734673461914062e+02, 2.735424194335938e+02, 2.735648498535156e+02, 2.73562255859375e+02, 2.734952392578125e+02, 2.733829650878906e+02, 2.733241271972656e+02, 2.733239440917969e+02, 2.734044799804688e+02, 2.735684204101562e+02, 2.736940002441406e+02, 2.737637023925781e+02, 2.737111511230469e+02, 2.734936828613281e+02, 2.733190002441406e+02, 2.73205322265625e+02, 2.731450805664062e+02, 2.731335754394531e+02, 2.7315283203125e+02, 2.732023315429688e+02, 2.7325e+02, 2.732466735839844e+02, 2.732464294433594e+02, 2.733169860839844e+02, 2.734288940429688e+02, 2.735700073242188e+02, 2.737182312011719e+02, 2.738376770019531e+02, 2.739303588867188e+02, 2.739819946289062e+02, 2.740299987792969e+02, 2.740780029296875e+02, 2.741260070800781e+02, 2.741852416992188e+02, 2.742919921875e+02, 2.743815307617188e+02, 2.744320983886719e+02, 2.744386291503906e+02, 2.742976684570312e+02, 2.742652587890625e+02, 2.743667907714844e+02, 2.744607849121094e+02, 2.74489013671875e+02, 2.745615539550781e+02, 2.748076477050781e+02, 2.751499938964844e+02, 2.755416259765625e+02, 2.759237670898438e+02, 2.761777038574219e+02, 2.763310241699219e+02, 2.764301147460938e+02, 2.764605407714844e+02, 2.7639404296875e+02, 2.762903747558594e+02, 2.7616455078125e+02, 2.760198059082031e+02, 2.758236999511719e+02, 2.755619812011719e+02, 2.753553771972656e+02, 2.751993103027344e+02, 2.751300048828125e+02, 2.750820007324219e+02, 2.750339965820312e+02, 2.749859924316406e+02, 2.749522399902344e+02, 2.751499938964844e+02, 2.753774108886719e+02, 2.755320129394531e+02, 2.756587219238281e+02, 2.756750183105469e+02, 2.755499877929688e+02]
hydraulic.generation.sigBusGen.TGenOutMea=[2.931499938964844e+02, 3.349178771972656e+02, 3.136532897949219e+02, 3.148045349121094e+02, 3.17224365234375e+02, 3.177607116699219e+02, 3.181177368164062e+02, 3.18325439453125e+02, 3.184032897949219e+02, 3.184021301269531e+02, 3.183448791503906e+02, 3.182591552734375e+02, 3.181920776367188e+02, 3.180951843261719e+02, 3.179616394042969e+02, 3.1931005859375e+02, 3.18877197265625e+02, 3.187235717773438e+02, 3.195652770996094e+02, 3.193526916503906e+02, 3.213489074707031e+02, 3.230720825195312e+02, 3.232611389160156e+02, 3.225022888183594e+02, 3.215658264160156e+02, 3.20719970703125e+02, 3.199108276367188e+02, 3.322885131835938e+02, 3.187544860839844e+02, 3.185198364257812e+02, 3.181925354003906e+02, 3.180521240234375e+02, 3.179894714355469e+02, 3.179862060546875e+02, 3.18024658203125e+02, 3.181302490234375e+02, 3.181961059570312e+02, 3.182086791992188e+02, 3.181350708007812e+02, 3.179790649414062e+02, 3.178609924316406e+02, 3.177990112304688e+02, 3.178227233886719e+02, 3.179990539550781e+02, 3.181954650878906e+02, 3.183221435546875e+02, 3.183958740234375e+02, 3.184316711425781e+02, 3.184230041503906e+02, 3.157473754882812e+02, 3.170467834472656e+02, 3.180021362304688e+02, 3.184425048828125e+02, 3.184169616699219e+02, 3.182508850097656e+02, 3.18064208984375e+02, 3.178931274414062e+02, 3.177607421875e+02, 3.176621398925781e+02, 3.176046142578125e+02, 3.175609130859375e+02, 3.175180969238281e+02, 3.174734497070312e+02, 3.174285888671875e+02, 3.173583374023438e+02, 3.172848510742188e+02, 3.172295837402344e+02, 3.172092590332031e+02, 3.173074951171875e+02, 3.173937072753906e+02, 3.173217468261719e+02, 3.172024536132812e+02, 3.17140869140625e+02, 3.170479125976562e+02, 3.168273315429688e+02, 3.165044555664062e+02, 3.161195068359375e+02, 3.334030456542969e+02, 3.156446838378906e+02, 3.155568542480469e+02, 3.153190002441406e+02, 3.152083129882812e+02, 3.152359924316406e+02, 3.153348388671875e+02, 3.154631042480469e+02, 3.156080017089844e+02, 3.157861633300781e+02, 3.160282897949219e+02, 3.162259216308594e+02, 3.163733215332031e+02, 3.164667053222656e+02, 3.165300598144531e+02, 3.16576416015625e+02, 3.1661767578125e+02, 3.166532897949219e+02, 3.165141906738281e+02, 3.162853393554688e+02, 3.154721069335938e+02, 3.161564636230469e+02, 3.161547241210938e+02, 3.161332397460938e+02]
outputs.building.TZone[1]=[2.931499938964844e+02, 2.9002294921875e+02, 2.912657775878906e+02, 2.929231262207031e+02, 2.930375366210938e+02, 2.930101928710938e+02, 2.929759216308594e+02, 2.929115905761719e+02, 2.928654479980469e+02, 2.928261413574219e+02, 2.927821044921875e+02, 2.927408142089844e+02, 2.927264404296875e+02, 2.92792724609375e+02, 2.929877014160156e+02, 2.935580444335938e+02, 2.935875854492188e+02, 2.937712707519531e+02, 2.940147399902344e+02, 2.94028564453125e+02, 2.940117492675781e+02, 2.936345520019531e+02, 2.933837890625e+02, 2.932444458007812e+02, 2.931787719726562e+02, 2.931525573730469e+02, 2.931322937011719e+02, 2.931182250976562e+02, 2.931284790039062e+02, 2.931456298828125e+02, 2.931548461914062e+02, 2.931566467285156e+02, 2.93144287109375e+02, 2.931388244628906e+02, 2.931264953613281e+02, 2.931212158203125e+02, 2.931156921386719e+02, 2.931108703613281e+02, 2.930967712402344e+02, 2.930752563476562e+02, 2.930733642578125e+02, 2.930930480957031e+02, 2.93099365234375e+02, 2.930966491699219e+02, 2.930981750488281e+02, 2.930820007324219e+02, 2.930713806152344e+02, 2.930962829589844e+02, 2.931099853515625e+02, 2.930212097167969e+02, 2.928464660644531e+02, 2.929914245605469e+02, 2.931278991699219e+02, 2.931812438964844e+02, 2.931790161132812e+02, 2.931600036621094e+02, 2.931397094726562e+02, 2.931226501464844e+02, 2.931108703613281e+02, 2.931035766601562e+02, 2.931014404296875e+02, 2.931011962890625e+02, 2.931010437011719e+02, 2.931723327636719e+02, 2.933429870605469e+02, 2.93438720703125e+02, 2.934193420410156e+02, 2.933637084960938e+02, 2.932956848144531e+02, 2.932763671875e+02, 2.932477111816406e+02, 2.932174682617188e+02, 2.931919555664062e+02, 2.931576538085938e+02, 2.9313818359375e+02, 2.931321411132812e+02, 2.931195373535156e+02, 2.931074829101562e+02, 2.930780639648438e+02, 2.931266174316406e+02, 2.931473693847656e+02, 2.931477966308594e+02, 2.931402893066406e+02, 2.93140625e+02, 2.931454772949219e+02, 2.9315185546875e+02, 2.931489868164062e+02, 2.931449279785156e+02, 2.931181335449219e+02, 2.930740661621094e+02, 2.930648193359375e+02, 2.930954895019531e+02, 2.931084594726562e+02, 2.931039733886719e+02, 2.930995483398438e+02, 2.930977783203125e+02, 2.930819396972656e+02, 2.928953247070312e+02, 2.930198059082031e+02, 2.930845031738281e+02, 2.930765991210938e+02]
electricalGrid.PElecGen=[0e+00, 0e+00]
electricalGrid.PElecLoa=[3.8241884765625e+03, 5.42629443359375e+03, 2.1143845703125e+04, 4.50070068359375e+03, 4.6159189453125e+03, 4.6344580078125e+03, 4.64317041015625e+03, 4.640384765625e+03, 4.62464453125e+03, 4.60691015625e+03, 4.587630859375e+03, 4.57161083984375e+03, 4.56706005859375e+03, 4.54697412109375e+03, 4.5091494140625e+03, 4.55529052734375e+03, 4.52763427734375e+03, 4.5119580078125e+03, 4.536458984375e+03, 4.5202265625e+03, 4.64006494140625e+03, 4.6303564453125e+03, 2.98116064453125e+03, 2.5388603515625e+03, 2.451461669921875e+03, 2.34252294921875e+03, 2.3348681640625e+03, 5.39022607421875e+03, 3.084079833984369e+03, 2.34837451171875e+03, 2.2730439453125e+03, 2.2793779296875e+03, 2.349060546875e+03, 2.412772705078125e+03, 2.532069580078125e+03, 2.658458740234375e+03, 2.76146923828125e+03, 2.8409755859375e+03, 2.90798486328125e+03, 2.970197509765625e+03, 3.041755615234375e+03, 3.081494384765625e+03, 3.18984033203125e+03, 3.4018125e+03, 3.535142333984375e+03, 3.6257841796875e+03, 3.68721826171875e+03, 3.679571533203125e+03, 3.6580498046875e+03, 4.6464384765625e+03, 4.70571923828125e+03, 4.7604833984375e+03, 4.34376220703125e+03, 3.876995849609375e+03, 3.65260498046875e+03, 3.551839599609375e+03, 3.50045458984375e+03, 3.482691650390625e+03, 3.47827978515625e+03, 3.49288623046875e+03, 3.49532861328125e+03, 3.48744921875e+03, 3.475556396484375e+03, 3.439157470703125e+03, 3.309873291015625e+03, 3.155955810546875e+03, 3.03389501953125e+03, 2.937729736328125e+03, 2.952122314453125e+03, 2.820551757812502e+03, 2.618641113281251e+03, 2.5088896484375e+03, 2.474744384765625e+03, 2.484056396484375e+03, 2.441181396484375e+03, 2.366382080078125e+03, 2.309940673828125e+03, 5.6684892578125e+03, 3.026775634765625e+03, 2.42690087890625e+03, 2.30599267578125e+03, 2.32033935546875e+03, 2.38960498046875e+03, 2.447831787109375e+03, 2.4910595703125e+03, 2.5262099609375e+03, 2.587577392578125e+03, 2.688179931640625e+03, 2.77762744140625e+03, 2.89008203125e+03, 2.94505615234375e+03, 2.95299609375e+03, 2.970387939453125e+03, 3.004384765625e+03, 3.033573486328125e+03, 2.9228994140625e+03, 2.8372158203125e+03, 4.57236865234375e+03, 3.537407470703125e+03, 3.038488525390625e+03, 2.99157373046875e+03]
