last-generated=2024-06-28
statistics-initialization=
{
  "linear": "0, 0, 0, 0, 0, 0",
  "nonlinear": "5, 7, 2, 0, 0, 1, 1",
  "numerical Jacobians": "0"
}
statistics-simulation=
{
  "linear": "0, 0, 0, 0, 0, 0, 0, 0",
  "nonlinear": "2, 6, 1, 0, 1, 0, 1, 0, 1, 1, 1",
  "number of continuous time states": "71",
  "numerical Jacobians": "0"
}
time=[0e+00, 1.728e+05]
weaDat.weaBus.TDryBul=[2.711499938964844e+02, 2.711964111328125e+02, 2.711585388183594e+02, 2.710329895019531e+02, 2.708773498535156e+02, 2.706598205566406e+02, 2.704615478515625e+02, 2.704500122070312e+02, 2.704500122070312e+02, 2.704500122070312e+02, 2.704500122070312e+02, 2.704904479980469e+02, 2.706648559570312e+02, 2.708219909667969e+02, 2.709660034179688e+02, 2.710835876464844e+02, 2.710487060546875e+02, 2.710967712402344e+02, 2.713839721679688e+02, 2.715577392578125e+02, 2.713986511230469e+02, 2.713771667480469e+02, 2.716394348144531e+02, 2.718602600097656e+02, 2.719464111328125e+02, 2.720499877929688e+02, 2.722364196777344e+02, 2.724353637695312e+02, 2.725456237792969e+02, 2.726259155273438e+02, 2.730393371582031e+02, 2.736041564941406e+02, 2.736746826171875e+02, 2.736636657714844e+02, 2.736180114746094e+02, 2.735700073242188e+02, 2.735389404296875e+02, 2.735155944824219e+02, 2.7335400390625e+02, 2.731619873046875e+02, 2.729700012207031e+02, 2.727780151367188e+02, 2.72593994140625e+02, 2.724955749511719e+02, 2.724342651367188e+02, 2.723796081542969e+02, 2.723463134765625e+02, 2.723376770019531e+02, 2.723522033691406e+02, 2.724003295898438e+02, 2.724500122070312e+02, 2.724666442871094e+02, 2.724525451660156e+02, 2.724020690917969e+02, 2.722803344726562e+02, 2.720899963378906e+02, 2.718980102539062e+02, 2.717059936523438e+02, 2.715140075683594e+02, 2.713631591796875e+02, 2.713411865234375e+02, 2.713729858398438e+02, 2.714293518066406e+02, 2.714556884765625e+02, 2.714446716308594e+02, 2.714856872558594e+02, 2.716668701171875e+02, 2.717514038085938e+02, 2.716672058105469e+02, 2.716678771972656e+02, 2.71758056640625e+02, 2.718697814941406e+02, 2.7200390625e+02, 2.721656494140625e+02, 2.724968872070312e+02, 2.728500061035156e+02, 2.729950561523438e+02, 2.729598999023438e+02, 2.725846862792969e+02, 2.721623229980469e+02, 2.721732788085938e+02, 2.722332153320312e+02, 2.723517456054688e+02, 2.724693908691406e+02, 2.722129516601562e+02, 2.715361633300781e+02, 2.708384399414062e+02, 2.701152648925781e+02, 2.6966552734375e+02, 2.693913269042969e+02, 2.691483459472656e+02, 2.68912841796875e+02, 2.686530456542969e+02, 2.682867126464844e+02, 2.680051879882812e+02, 2.680009765625e+02, 2.679133911132812e+02, 2.676651611328125e+02, 2.674332275390625e+02, 2.672374267578125e+02, 2.670499877929688e+02]
hydraulic.generation.sigBusGen.TGenOutMea=[2.931499938964844e+02, 3.089076232910156e+02, 3.169495239257812e+02, 3.219161376953125e+02, 3.249026489257812e+02, 3.266355590820312e+02, 3.27593505859375e+02, 3.278528137207031e+02, 3.278289489746094e+02, 3.278041381835938e+02, 3.277965087890625e+02, 3.277693481445312e+02, 3.276161193847656e+02, 3.274413757324219e+02, 3.272929382324219e+02, 3.271624755859375e+02, 3.271659851074219e+02, 3.271468200683594e+02, 3.268902587890625e+02, 3.266611938476562e+02, 3.267593688964844e+02, 3.268376159667969e+02, 3.266110229492188e+02, 3.226101684570312e+02, 3.001297912597656e+02, 2.948038330078125e+02, 2.935419006347656e+02, 2.932428588867188e+02, 3.135012207031251e+02, 3.206600646972656e+02, 3.24946044921875e+02, 3.218986511230469e+02, 3.247018127441406e+02, 3.246372985839844e+02, 3.245201416015625e+02, 3.24520751953125e+02, 3.066996765136719e+02, 2.963600463867188e+02, 2.939105834960938e+02, 2.933302307128906e+02, 3.08512451171875e+02, 3.175434265136719e+02, 3.231567993164062e+02, 3.257969970703125e+02, 3.258958435058594e+02, 3.258184509277344e+02, 3.258081359863281e+02, 3.258136901855469e+02, 3.258027038574219e+02, 3.257575988769531e+02, 3.257024536132812e+02, 3.256784362792969e+02, 3.256885986328125e+02, 3.217752685546875e+02, 3.255701599121094e+02, 3.262801818847656e+02, 3.26346435546875e+02, 3.264708557128906e+02, 3.266512145996094e+02, 3.268197021484375e+02, 3.268676452636719e+02, 3.268406677246094e+02, 3.267803649902344e+02, 3.267439270019531e+02, 3.267572937011719e+02, 3.267332153320312e+02, 3.265611267089844e+02, 3.264396057128906e+02, 3.265016784667969e+02, 3.265342407226562e+02, 3.264591369628906e+02, 3.263708801269531e+02, 3.208191223144531e+02, 2.997053833007812e+02, 2.947031555175781e+02, 2.935180053710938e+02, 2.932371826171875e+02, 3.304022827148438e+02, 3.180043640136719e+02, 3.239790344238281e+02, 3.263262939453125e+02, 3.261858215332031e+02, 3.259291381835938e+02, 3.257424011230469e+02, 3.259342346191406e+02, 3.065678100585938e+02, 2.963289184570312e+02, 2.939031372070312e+02, 2.933284301757812e+02, 3.097637023925781e+02, 3.176265258789062e+02, 3.225140686035156e+02, 3.254706420898438e+02, 3.271752319335938e+02, 3.283543090820312e+02, 3.292207336425781e+02, 3.299148864746094e+02, 3.307439270019531e+02, 3.260239562988281e+02, 3.28939697265625e+02, 3.311073913574219e+02]
outputs.building.TZone[1]=[2.931499938964844e+02, 2.88240966796875e+02, 2.888825378417969e+02, 2.893189392089844e+02, 2.895813903808594e+02, 2.897137756347656e+02, 2.897612915039062e+02, 2.897753295898438e+02, 2.897998657226562e+02, 2.898341064453125e+02, 2.898710632324219e+02, 2.899138488769531e+02, 2.899686889648438e+02, 2.901178283691406e+02, 2.90446044921875e+02, 2.907556457519531e+02, 2.909739074707031e+02, 2.911980895996094e+02, 2.913922729492188e+02, 2.915650024414062e+02, 2.916627807617188e+02, 2.917855834960938e+02, 2.91911376953125e+02, 2.920109558105469e+02, 2.910651245117188e+02, 2.902632141113281e+02, 2.896928100585938e+02, 2.892650451660156e+02, 2.901236877441406e+02, 2.9104150390625e+02, 2.917747497558594e+02, 2.917353210449219e+02, 2.921580200195312e+02, 2.922937927246094e+02, 2.922970886230469e+02, 2.92277099609375e+02, 2.918792114257812e+02, 2.908897705078125e+02, 2.901742553710938e+02, 2.895788269042969e+02, 2.895648498535156e+02, 2.904856567382812e+02, 2.911483764648438e+02, 2.91562744140625e+02, 2.916616821289062e+02, 2.916240234375e+02, 2.915882568359375e+02, 2.916249084472656e+02, 2.916652526855469e+02, 2.916847839355469e+02, 2.916996459960938e+02, 2.917323608398438e+02, 2.91769287109375e+02, 2.914434509277344e+02, 2.916419982910156e+02, 2.918683471679688e+02, 2.919217224121094e+02, 2.919584045410156e+02, 2.9200048828125e+02, 2.92046630859375e+02, 2.920934448242188e+02, 2.921352233886719e+02, 2.9217431640625e+02, 2.922938232421875e+02, 2.925662536621094e+02, 2.928145446777344e+02, 2.92960205078125e+02, 2.930818786621094e+02, 2.931609802246094e+02, 2.932504577636719e+02, 2.933277587890625e+02, 2.935517883300781e+02, 2.937270202636719e+02, 2.931527709960938e+02, 2.92513671875e+02, 2.920469055175781e+02, 2.916471862792969e+02, 2.921080932617188e+02, 2.926215515136719e+02, 2.933125610351562e+02, 2.937021179199219e+02, 2.937301635742188e+02, 2.936549377441406e+02, 2.935611267089844e+02, 2.934732971191406e+02, 2.933281860351562e+02, 2.926453247070312e+02, 2.919722290039062e+02, 2.914166259765625e+02, 2.913510131835938e+02, 2.920394592285156e+02, 2.925964050292969e+02, 2.929566650390625e+02, 2.931495666503906e+02, 2.932438659667969e+02, 2.933135375976562e+02, 2.933468627929688e+02, 2.933924255371094e+02, 2.928781433105469e+02, 2.931250915527344e+02, 2.93308349609375e+02]
electricalGrid.PElecGen=[0e+00, 0e+00]
electricalGrid.PElecLoa=[4.1990263671875e+03, 4.4661513671875e+03, 4.8388720703125e+03, 5.11115185546875e+03, 5.26221728515625e+03, 5.33017919921875e+03, 5.36232177734375e+03, 5.0704208984375e+03, 4.96816943359375e+03, 4.95745068359375e+03, 4.95790771484375e+03, 4.9126767578125e+03, 4.75271240234375e+03, 4.649716796875e+03, 4.53889599609375e+03, 4.4406044921875e+03, 4.46455029296875e+03, 4.382242675781249e+03, 4.14623583984375e+03, 4.07030322265625e+03, 4.2204736328125e+03, 4.177609375e+03, 3.966850830078125e+03, 0e+00, 0e+00, 0e+00, 0e+00, 0e+00, 4.677972656250003e+03, 5.1249443359375e+03, 4.90781689453125e+03, 5.23628759765625e+03, 3.952099365234375e+03, 3.341921630859375e+03, 3.31706689453125e+03, 3.345742431640625e+03, 0e+00, 0e+00, 0e+00, 0e+00, 4.54120654296875e+03, 4.9401796875e+03, 5.255119140625e+03, 4.4823759765625e+03, 3.84277197265625e+03, 3.79643701171875e+03, 3.817864013671875e+03, 3.819183349609375e+03, 3.8028818359375e+03, 3.771660400390625e+03, 3.750482666015625e+03, 3.749578369140625e+03, 3.7586826171875e+03, 5.1717685546875e+03, 5.33237060546875e+03, 4.104666015624997e+03, 3.973572021484375e+03, 4.038336669921875e+03, 4.1191884765625e+03, 4.164865234375e+03, 4.12631689453125e+03, 4.082140869140625e+03, 4.04368505859375e+03, 4.033084716796875e+03, 4.015913330078125e+03, 3.946594970703125e+03, 3.818010498046875e+03, 3.793596435546875e+03, 3.853033203125e+03, 3.800436279296876e+03, 3.692036132812501e+03, 3.52383837890625e+03, 0e+00, 0e+00, 0e+00, 0e+00, 0e+00, 5.65759765625e+03, 4.95947314453125e+03, 5.2790380859375e+03, 3.898479248046875e+03, 3.204798828125e+03, 2.98569970703125e+03, 2.86380224609375e+03, 2.9068466796875e+03, 0e+00, 0e+00, 0e+00, 0e+00, 4.385943359375e+03, 4.78572119140625e+03, 5.0279716796875e+03, 5.15754150390625e+03, 5.206728515625e+03, 5.5066767578125e+03, 5.5530810546875e+03, 5.73770751953125e+03, 6.06149365234375e+03, 6.42652490234375e+03, 6.89448486328125e+03, 7.31361865234375e+03]
