last-generated=2024-06-28
statistics-initialization=
{
  "linear": "0, 0, 0, 0, 0",
  "nonlinear": "5, 7, 1, 1",
  "numerical Jacobians": "0"
}
statistics-simulation=
{
  "linear": "0, 0, 0, 0, 0, 0, 0, 0",
  "nonlinear": "1, 6, 1, 0, 1, 0, 1, 0, 1, 1",
  "number of continuous time states": "41",
  "numerical Jacobians": "0"
}
time=[0e+00, 1.728e+05]
weaDat.weaBus.TDryBul=[2.713500061035156e+02, 2.714423522949219e+02, 2.713688049316406e+02, 2.711300048828125e+02, 2.708900146484375e+02, 2.706499938964844e+02, 2.704100036621094e+02, 2.701031188964844e+02, 2.696802062988281e+02, 2.693132629394531e+02, 2.689815979003906e+02, 2.687498474121094e+02, 2.687302856445312e+02, 2.684281311035156e+02, 2.677860412597656e+02, 2.674700012207031e+02, 2.672780151367188e+02, 2.670859985351562e+02, 2.668940124511719e+02, 2.667543640136719e+02, 2.674586791992188e+02, 2.682342834472656e+02, 2.686448669433594e+02, 2.692129211425781e+02, 2.700237121582031e+02, 2.708500061035156e+02, 2.716349792480469e+02, 2.723893127441406e+02, 2.729895324707031e+02, 2.733184814453125e+02, 2.734673461914062e+02, 2.735424194335938e+02, 2.735648498535156e+02, 2.73562255859375e+02, 2.734952392578125e+02, 2.733829650878906e+02, 2.733241271972656e+02, 2.733239440917969e+02, 2.734044799804688e+02, 2.735684204101562e+02, 2.736940002441406e+02, 2.737637023925781e+02, 2.737111511230469e+02, 2.734936828613281e+02, 2.733190002441406e+02, 2.73205322265625e+02, 2.731450805664062e+02, 2.731335754394531e+02, 2.7315283203125e+02, 2.732023315429688e+02, 2.7325e+02, 2.732466735839844e+02, 2.732464294433594e+02, 2.733169860839844e+02, 2.734288940429688e+02, 2.735700073242188e+02, 2.737182312011719e+02, 2.738376770019531e+02, 2.739303588867188e+02, 2.739819946289062e+02, 2.740299987792969e+02, 2.740780029296875e+02, 2.741260070800781e+02, 2.741852416992188e+02, 2.742919921875e+02, 2.743815307617188e+02, 2.744320983886719e+02, 2.744386291503906e+02, 2.742976684570312e+02, 2.742652587890625e+02, 2.743667907714844e+02, 2.744607849121094e+02, 2.74489013671875e+02, 2.745615539550781e+02, 2.748076477050781e+02, 2.751499938964844e+02, 2.755416259765625e+02, 2.759237670898438e+02, 2.761777038574219e+02, 2.763310241699219e+02, 2.764301147460938e+02, 2.764605407714844e+02, 2.7639404296875e+02, 2.762903747558594e+02, 2.7616455078125e+02, 2.760198059082031e+02, 2.758236999511719e+02, 2.755619812011719e+02, 2.753553771972656e+02, 2.751993103027344e+02, 2.751300048828125e+02, 2.750820007324219e+02, 2.750339965820312e+02, 2.749859924316406e+02, 2.749522399902344e+02, 2.751499938964844e+02, 2.753774108886719e+02, 2.755320129394531e+02, 2.756587219238281e+02, 2.756750183105469e+02, 2.755499877929688e+02]
hydraulic.generation.sigBusGen.TBoiOut=[2.931499938964844e+02, 3.135688171386719e+02, 3.202365112304688e+02, 3.246045532226562e+02, 3.265639953613281e+02, 3.269346313476562e+02, 3.272273559570312e+02, 3.275865783691406e+02, 3.280833129882812e+02, 3.285175476074219e+02, 3.289093627929688e+02, 3.29185546875e+02, 3.292109680175781e+02, 3.295597534179688e+02, 3.303141784667969e+02, 3.306959228515625e+02, 3.309231262207031e+02, 3.311487426757812e+02, 3.313746032714844e+02, 3.315420227050781e+02, 3.307281188964844e+02, 3.29808349609375e+02, 3.293170166015625e+02, 3.286499938964844e+02, 3.276954650878906e+02, 3.2672021484375e+02, 3.257929077148438e+02, 3.249019775390625e+02, 3.241908874511719e+02, 3.237990417480469e+02, 3.236222534179688e+02, 3.235337829589844e+02, 3.235072326660156e+02, 3.235101013183594e+02, 3.235878601074219e+02, 3.237200622558594e+02, 3.237909240722656e+02, 3.237921142578125e+02, 3.236983947753906e+02, 3.235054626464844e+02, 3.233558654785156e+02, 3.2327294921875e+02, 3.233326110839844e+02, 3.235870361328125e+02, 3.237953796386719e+02, 3.23930419921875e+02, 3.240023803710938e+02, 3.240166931152344e+02, 3.239943237304688e+02, 3.239360961914062e+02, 3.2387939453125e+02, 3.238822937011719e+02, 3.238832092285156e+02, 3.238013610839844e+02, 3.236698303222656e+02, 3.23503662109375e+02, 3.233285217285156e+02, 3.231869812011719e+02, 3.230770874023438e+02, 3.230156860351562e+02, 3.229592895507812e+02, 3.2290283203125e+02, 3.228462829589844e+02, 3.227771606445312e+02, 3.226528015136719e+02, 3.22546630859375e+02, 3.224857788085938e+02, 3.224768981933594e+02, 3.226408996582031e+02, 3.226833190917969e+02, 3.225658569335938e+02, 3.224540100097656e+02, 3.224194030761719e+02, 3.223346252441406e+02, 3.220469970703125e+02, 3.216441955566406e+02, 3.211830139160156e+02, 3.207315979003906e+02, 3.204310302734375e+02, 3.202507934570312e+02, 3.20136962890625e+02, 3.201005249023438e+02, 3.201744689941406e+02, 3.202945251464844e+02, 3.204415283203125e+02, 3.206117858886719e+02, 3.208399353027344e+02, 3.21147705078125e+02, 3.2138427734375e+02, 3.215681762695312e+02, 3.216567993164062e+02, 3.217160034179688e+02, 3.217725524902344e+02, 3.218287353515625e+02, 3.218690490722656e+02, 3.216398315429688e+02, 3.213709411621094e+02, 3.211878051757812e+02, 3.210378723144531e+02, 3.210162048339844e+02, 3.211617431640625e+02]
outputs.building.TZone[1]=[2.931499938964844e+02, 2.881192016601562e+02, 2.886946105957031e+02, 2.891133728027344e+02, 2.893863830566406e+02, 2.894655151367188e+02, 2.894427490234375e+02, 2.893832702636719e+02, 2.893573608398438e+02, 2.893623352050781e+02, 2.893749389648438e+02, 2.893992919921875e+02, 2.894461975097656e+02, 2.895641479492188e+02, 2.898534851074219e+02, 2.901842651367188e+02, 2.904429016113281e+02, 2.906950988769531e+02, 2.90918701171875e+02, 2.912264404296875e+02, 2.915252380371094e+02, 2.918908386230469e+02, 2.92201171875e+02, 2.922818298339844e+02, 2.921546325683594e+02, 2.921454162597656e+02, 2.920830993652344e+02, 2.91984130859375e+02, 2.920330505371094e+02, 2.921226196289062e+02, 2.922380676269531e+02, 2.923634338378906e+02, 2.924208068847656e+02, 2.924467163085938e+02, 2.924248352050781e+02, 2.923888549804688e+02, 2.923519592285156e+02, 2.923016052246094e+02, 2.922302551269531e+02, 2.921112060546875e+02, 2.920165710449219e+02, 2.920230407714844e+02, 2.920254211425781e+02, 2.920062561035156e+02, 2.919914245605469e+02, 2.919405517578125e+02, 2.918939819335938e+02, 2.919104919433594e+02, 2.919287109375e+02, 2.919258422851562e+02, 2.919183349609375e+02, 2.919274597167969e+02, 2.919427185058594e+02, 2.91961669921875e+02, 2.919792175292969e+02, 2.919950561523438e+02, 2.920090637207031e+02, 2.920211486816406e+02, 2.920333862304688e+02, 2.920458374023438e+02, 2.920605773925781e+02, 2.920761108398438e+02, 2.920918884277344e+02, 2.921880187988281e+02, 2.924333190917969e+02, 2.926493530273438e+02, 2.927654418945312e+02, 2.928688354492188e+02, 2.929411315917969e+02, 2.931249694824219e+02, 2.933370056152344e+02, 2.935135803222656e+02, 2.936620483398438e+02, 2.936881713867188e+02, 2.936364135742188e+02, 2.93610107421875e+02, 2.935646667480469e+02, 2.935097045898438e+02, 2.934701843261719e+02, 2.934329528808594e+02, 2.934086303710938e+02, 2.933533935546875e+02, 2.932774047851562e+02, 2.9322314453125e+02, 2.931900939941406e+02, 2.931734008789062e+02, 2.931552124023438e+02, 2.931420593261719e+02, 2.931044311523438e+02, 2.930535583496094e+02, 2.930401611328125e+02, 2.930755920410156e+02, 2.930923461914062e+02, 2.930883483886719e+02, 2.9308349609375e+02, 2.930841979980469e+02, 2.930783386230469e+02, 2.930850524902344e+02, 2.930903015136719e+02, 2.930743713378906e+02, 2.930587158203125e+02]
electricalGrid.PElecGen=[0e+00, 0e+00]
electricalGrid.PElecLoa=[4.432639479637146e-02, 6.221918106079102e+00, 6.221918106079102e+00, 6.221918106079102e+00, 6.221918106079102e+00, 6.221918106079102e+00, 6.221918106079102e+00, 6.221918106079102e+00, 6.221918106079102e+00, 6.221918106079102e+00, 6.221918106079102e+00, 6.221918106079102e+00, 6.221918106079102e+00, 6.221918106079102e+00, 6.221918106079102e+00, 6.221918106079102e+00, 6.221918106079102e+00, 6.221918106079102e+00, 6.221918106079102e+00, 6.221918106079102e+00, 6.221918106079102e+00, 6.221918106079102e+00, 6.221918106079102e+00, 6.221918106079102e+00, 6.221918106079102e+00, 6.221918106079102e+00, 6.221918106079102e+00, 6.221918106079102e+00, 6.221918106079102e+00, 6.221918106079102e+00, 6.221918106079102e+00, 6.221918106079102e+00, 6.221918106079102e+00, 6.221918106079102e+00, 6.221918106079102e+00, 6.221918106079102e+00, 6.221918106079102e+00, 6.221918106079102e+00, 6.221918106079102e+00, 6.221918106079102e+00, 6.221918106079102e+00, 6.221918106079102e+00, 6.221918106079102e+00, 6.221918106079102e+00, 6.221918106079102e+00, 6.221918106079102e+00, 6.221918106079102e+00, 6.221918106079102e+00, 6.221918106079102e+00, 6.221918106079102e+00, 6.221918106079102e+00, 6.221918106079102e+00, 6.221918106079102e+00, 6.221918106079102e+00, 6.221918106079102e+00, 6.221918106079102e+00, 6.221918106079102e+00, 6.221918106079102e+00, 6.221918106079102e+00, 6.221918106079102e+00, 6.221918106079102e+00, 6.221918106079102e+00, 6.221918106079102e+00, 6.221918106079102e+00, 6.221918106079102e+00, 6.221918106079102e+00, 6.221918106079102e+00, 6.221918106079102e+00, 6.221918106079102e+00, 6.221918106079102e+00, 6.217138290405273e+00, 6.207793235778809e+00, 6.190108299255371e+00, 6.163281440734863e+00, 6.127903461456299e+00, 6.069961547851562e+00, 5.98074197769165e+00, 5.846057415008545e+00, 5.626513004302979e+00, 5.258453369140625e+00, 4.775506019592285e+00, 4.315811157226562e+00, 4.024718284606934e+00, 3.868175745010376e+00, 3.787058353424072e+00, 3.73271918296814e+00, 3.745315790176392e+00, 3.809149742126465e+00, 4.02750301361084e+00, 4.434386730194092e+00, 4.756626605987549e+00, 4.866801261901855e+00, 4.957830429077148e+00, 5.082311153411865e+00, 5.216246604919434e+00, 5.337132930755615e+00, 5.454156398773193e+00, 5.535310745239258e+00, 5.599663734436035e+00, 5.680179119110107e+00, 5.759285449981689e+00]
