last-generated=2024-06-28
statistics-initialization=
{
  "linear": "0, 0, 0, 0, 0, 0",
  "nonlinear": "5, 5, 1, 1",
  "numerical Jacobians": "0"
}
statistics-simulation=
{
  "linear": "0, 0, 0, 0, 0, 0, 0, 0",
  "nonlinear": "6, 1, 0, 1, 0, 1, 0, 1, 1, 1",
  "number of continuous time states": "54",
  "numerical Jacobians": "0"
}
time=[0e+00, 1.728e+05]
hydraulic.generation.weaBus.TDryBul=[2.711499938964844e+02, 2.711964111328125e+02, 2.711585388183594e+02, 2.710329895019531e+02, 2.708773498535156e+02, 2.706598205566406e+02, 2.704615478515625e+02, 2.704500122070312e+02, 2.704500122070312e+02, 2.704500122070312e+02, 2.704500122070312e+02, 2.704904479980469e+02, 2.706648559570312e+02, 2.708219909667969e+02, 2.709660034179688e+02, 2.710835876464844e+02, 2.710487060546875e+02, 2.710967712402344e+02, 2.713839721679688e+02, 2.715577392578125e+02, 2.713986511230469e+02, 2.713771667480469e+02, 2.716394348144531e+02, 2.718602600097656e+02, 2.719464111328125e+02, 2.720499877929688e+02, 2.722364196777344e+02, 2.724353637695312e+02, 2.725456237792969e+02, 2.726259155273438e+02, 2.730393371582031e+02, 2.736041564941406e+02, 2.736746826171875e+02, 2.736636657714844e+02, 2.736180114746094e+02, 2.735700073242188e+02, 2.735389404296875e+02, 2.735155944824219e+02, 2.7335400390625e+02, 2.731619873046875e+02, 2.729700012207031e+02, 2.727780151367188e+02, 2.72593994140625e+02, 2.724955749511719e+02, 2.724342651367188e+02, 2.723796081542969e+02, 2.723463134765625e+02, 2.723376770019531e+02, 2.723522033691406e+02, 2.724003295898438e+02, 2.724500122070312e+02, 2.724666442871094e+02, 2.724525451660156e+02, 2.724020690917969e+02, 2.722803344726562e+02, 2.720899963378906e+02, 2.718980102539062e+02, 2.717059936523438e+02, 2.715140075683594e+02, 2.713631591796875e+02, 2.713411865234375e+02, 2.713729858398438e+02, 2.714293518066406e+02, 2.714556884765625e+02, 2.714446716308594e+02, 2.714856872558594e+02, 2.716668701171875e+02, 2.717514038085938e+02, 2.716672058105469e+02, 2.716678771972656e+02, 2.71758056640625e+02, 2.718697814941406e+02, 2.7200390625e+02, 2.721656494140625e+02, 2.724968872070312e+02, 2.728500061035156e+02, 2.729950561523438e+02, 2.729598999023438e+02, 2.725846862792969e+02, 2.721623229980469e+02, 2.721732788085938e+02, 2.722332153320312e+02, 2.723517456054688e+02, 2.724693908691406e+02, 2.722129516601562e+02, 2.715361633300781e+02, 2.708384399414062e+02, 2.701152648925781e+02, 2.6966552734375e+02, 2.693913269042969e+02, 2.691483459472656e+02, 2.68912841796875e+02, 2.686530456542969e+02, 2.682867126464844e+02, 2.680051879882812e+02, 2.680009765625e+02, 2.679133911132812e+02, 2.676651611328125e+02, 2.674332275390625e+02, 2.672374267578125e+02, 2.670499877929688e+02]
hydraulic.generation.sigBusGen.TGenOutMea=[2.931499938964844e+02, 3.210992736816406e+02, 3.216058959960938e+02, 3.220740966796875e+02, 3.223675537109375e+02, 3.226398010253906e+02, 3.227167053222656e+02, 3.218976440429688e+02, 3.226551818847656e+02, 3.154937133789062e+02, 3.223366088867188e+02, 3.226227111816406e+02, 3.225715637207031e+02, 3.225203247070312e+02, 3.210702209472656e+02, 3.222297058105469e+02, 3.118858947753906e+02, 3.221358642578125e+02, 3.209714965820312e+02, 3.215899658203125e+02, 3.21548828125e+02, 3.216871643066406e+02, 3.218171691894531e+02, 3.131231384277344e+02, 2.976520385742188e+02, 2.930966491699219e+02, 2.913937072753906e+02, 2.905948486328125e+02, 3.173179016113282e+02, 3.201634216308594e+02, 3.204370727539062e+02, 3.193248901367188e+02, 3.197246398925781e+02, 3.191455688476562e+02, 3.196884460449219e+02, 3.191744689941406e+02, 3.018733825683594e+02, 2.943159484863281e+02, 2.917574462890625e+02, 2.906140441894531e+02, 3.132796936035156e+02, 3.201820373535156e+02, 3.20204833984375e+02, 3.20913818359375e+02, 3.204130859375e+02, 3.205879516601562e+02, 3.20744140625e+02, 3.208757934570312e+02, 3.209486999511719e+02, 3.20900390625e+02, 3.205728149414062e+02, 3.206003723144531e+02, 3.115274047851562e+02, 3.205240478515625e+02, 3.207567443847656e+02, 3.210653381347656e+02, 3.21365234375e+02, 3.216022338867188e+02, 3.216338195800781e+02, 3.214136657714844e+02, 3.120529479980469e+02, 3.215561218261719e+02, 3.216218566894531e+02, 3.21718017578125e+02, 3.218450317382812e+02, 3.218852844238281e+02, 3.216550903320312e+02, 3.211932067871094e+02, 3.216458435058594e+02, 3.21224609375e+02, 3.212588500976562e+02, 3.2133935546875e+02, 3.087681884765625e+02, 2.966624450683594e+02, 2.931039733886719e+02, 2.917572021484375e+02, 2.911235046386719e+02, 3.196100158691406e+02, 3.200835571289062e+02, 3.208893127441406e+02, 3.208106994628906e+02, 3.2081396484375e+02, 3.210736694335938e+02, 3.205034484863281e+02, 3.212359008789062e+02, 3.025412292480469e+02, 2.947774353027344e+02, 2.921701049804688e+02, 2.910474548339844e+02, 3.093600769042969e+02, 3.199932250976562e+02, 3.215923767089844e+02, 3.226317443847656e+02, 3.211686706542969e+02, 3.229161682128906e+02, 3.210453186035156e+02, 3.233876953125e+02, 3.134096984863281e+02, 3.250917663574219e+02, 3.239708862304688e+02, 3.262389221191406e+02]
outputs.building.TZone[1]=[2.931499938964844e+02, 2.915253601074219e+02, 2.916566467285156e+02, 2.915893249511719e+02, 2.914619750976562e+02, 2.913021240234375e+02, 2.910940856933594e+02, 2.908924560546875e+02, 2.908623352050781e+02, 2.910654296875e+02, 2.910672302246094e+02, 2.910599975585938e+02, 2.910532531738281e+02, 2.911307678222656e+02, 2.914150695800781e+02, 2.917393188476562e+02, 2.917422790527344e+02, 2.921113586425781e+02, 2.918641357421875e+02, 2.92398193359375e+02, 2.92136962890625e+02, 2.925362854003906e+02, 2.924427185058594e+02, 2.925943603515625e+02, 2.906692199707031e+02, 2.900458374023438e+02, 2.897369384765625e+02, 2.895120239257812e+02, 2.910838623046875e+02, 2.921591796875e+02, 2.922686767578125e+02, 2.924784545898438e+02, 2.925278930664062e+02, 2.925525512695312e+02, 2.925520629882812e+02, 2.924748840332031e+02, 2.911777648925781e+02, 2.901209716796875e+02, 2.896524658203125e+02, 2.892772827148438e+02, 2.90106689453125e+02, 2.913709411621094e+02, 2.913444213867188e+02, 2.914328308105469e+02, 2.915727844238281e+02, 2.915161437988281e+02, 2.914578552246094e+02, 2.914559631347656e+02, 2.914338684082031e+02, 2.913539733886719e+02, 2.912383728027344e+02, 2.912243957519531e+02, 2.914484252929688e+02, 2.914762878417969e+02, 2.914938049316406e+02, 2.91505126953125e+02, 2.914989318847656e+02, 2.914595031738281e+02, 2.913786010742188e+02, 2.913182678222656e+02, 2.915035705566406e+02, 2.916114807128906e+02, 2.916320495605469e+02, 2.917268981933594e+02, 2.919593200683594e+02, 2.92137939453125e+02, 2.92173583984375e+02, 2.921737060546875e+02, 2.92273193359375e+02, 2.925399475097656e+02, 2.926233520507812e+02, 2.928844299316406e+02, 2.926033935546875e+02, 2.911467590332031e+02, 2.907500915527344e+02, 2.905712585449219e+02, 2.9039111328125e+02, 2.926028137207031e+02, 2.924588012695312e+02, 2.92892578125e+02, 2.926338195800781e+02, 2.930056457519531e+02, 2.928606567382812e+02, 2.930425720214844e+02, 2.929989013671875e+02, 2.91739990234375e+02, 2.90657470703125e+02, 2.902245483398438e+02, 2.899087524414062e+02, 2.905073547363281e+02, 2.915876770019531e+02, 2.921886596679688e+02, 2.920640869140625e+02, 2.921408386230469e+02, 2.920439147949219e+02, 2.920430603027344e+02, 2.920688171386719e+02, 2.919813537597656e+02, 2.922266235351562e+02, 2.918253479003906e+02, 2.923170166015625e+02]
electricalGrid.PElecGen=[0e+00, 0e+00]
electricalGrid.PElecLoa=[2.000002563476562e+03, 4.05642919921875e+03, 4.30665771484375e+03, 4.03614013671875e+03, 3.9468681640625e+03, 3.994689453125e+03, 4.29904541015625e+03, 4.541133789062501e+03, 4.3342783203125e+03, 2.000697875976562e+03, 4.6643740234375e+03, 4.575728515625e+03, 4.25477783203125e+03, 4.01047216796875e+03, 4.6653251953125e+03, 3.82708154296875e+03, 2.000697875976562e+03, 3.891633789062502e+03, 4.49640869140625e+03, 3.82112744140625e+03, 4.37356884765625e+03, 4.027566650390625e+03, 3.530345458984375e+03, -4.200777038931847e-04, -4.200777038931847e-04, -4.200777038931847e-04, -4.200777038931847e-04, -4.200777038931847e-04, 4.360819335937505e+03, 3.738200439453125e+03, 2.95341796875e+03, 3.491498779296875e+03, 2.75379736328125e+03, 3.651243896484375e+03, 2.809427734375003e+03, 3.882326171874994e+03, -4.200777038931847e-04, -4.200777038931847e-04, -4.200777038931847e-04, -4.200777038931847e-04, 4.206453125e+03, 3.35780078125e+03, 3.9198154296875e+03, 3.099461181640625e+03, 4.17269580078125e+03, 3.92192724609375e+03, 3.706907470703125e+03, 3.5237177734375e+03, 3.411630859375e+03, 3.42783935546875e+03, 3.814246337890625e+03, 3.65053564453125e+03, 2.000697875976562e+03, 4.030602783203125e+03, 3.827565673828125e+03, 3.68980151367189e+03, 3.614289794921886e+03, 3.656189697265649e+03, 4.0011943359375e+03, 4.53323876953125e+03, 2.000697875976562e+03, 4.59270458984375e+03, 4.2551171875e+03, 3.98418017578125e+03, 3.770825439453125e+03, 3.62753369140625e+03, 3.638676025390625e+03, 4.11584619140625e+03, 3.471599853515641e+03, 4.369508300781233e+03, 4.012212402343735e+03, 3.562055419921875e+03, -4.200777038931847e-04, -4.200777038931847e-04, -4.200777038931847e-04, -4.200777038931847e-04, -4.200777038931847e-04, 3.342493408203125e+03, 3.995262451171875e+03, 3.54105712890625e+03, 3.972183837890625e+03, 3.630965087890625e+03, 3.255682373046875e+03, 3.696542236328125e+03, 3.144829345703125e+03, -4.200777038931847e-04, -4.200777038931847e-04, -4.200777038931847e-04, -4.200777038931847e-04, 4.062532470703125e+03, 4.40562109375e+03, 4.56538916015625e+03, 4.53191845703125e+03, 4.52534765625e+03, 4.7659912109375e+03, 4.7659560546875e+03, 4.9447255859375e+03, 2.847807373046875e+03, 5.8101748046875e+03, 6.004306640625e+03, 6.407685546875e+03]
