last-generated=2024-09-02
statistics-initialization=
{
  "nonlinear": "0, 0, 5, 7, 3, 1, 1",
  "numerical Jacobians": "0"
}
statistics-simulation=
{
  "linear": "0, 0, 0, 0, 0, 0, 0, 0, 0, 0, 0, 0, 0, 0, 0, 0, 0, 0, 0, 0, 0, 0, 0, 0, 0, 0, 0,   0, 0, 0, 0, 0, 0, 0, 0, 0, 0, 0, 0, 0, 0, 0, 0, 0",
  "nonlinear": "1, 6, 1, 1, 1, 1, 1, 0, 1, 0, 1, 0, 1, 1, 1",
  "number of continuous time states": "106",
  "numerical Jacobians": "0"
}
time=[0e+00, 1.728e+05]
weaDat.weaBus.TDryBul=[2.711499938964844e+02, 2.711964111328125e+02, 2.711585388183594e+02, 2.710329895019531e+02, 2.708773498535156e+02, 2.706598205566406e+02, 2.704615478515625e+02, 2.704500122070312e+02, 2.704500122070312e+02, 2.704500122070312e+02, 2.704500122070312e+02, 2.704904479980469e+02, 2.706648559570312e+02, 2.708219909667969e+02, 2.709660034179688e+02, 2.710835876464844e+02, 2.710487060546875e+02, 2.710967712402344e+02, 2.713839721679688e+02, 2.715577392578125e+02, 2.713986511230469e+02, 2.713771667480469e+02, 2.716394348144531e+02, 2.718602600097656e+02, 2.719464111328125e+02, 2.720499877929688e+02, 2.722364196777344e+02, 2.724353637695312e+02, 2.725456237792969e+02, 2.726259155273438e+02, 2.730393371582031e+02, 2.736041564941406e+02, 2.736746826171875e+02, 2.736636657714844e+02, 2.736180114746094e+02, 2.735700073242188e+02, 2.735389404296875e+02, 2.735155944824219e+02, 2.7335400390625e+02, 2.731619873046875e+02, 2.729700012207031e+02, 2.727780151367188e+02, 2.72593994140625e+02, 2.724955749511719e+02, 2.724342651367188e+02, 2.723796081542969e+02, 2.723463134765625e+02, 2.723376770019531e+02, 2.723522033691406e+02, 2.724003295898438e+02, 2.724500122070312e+02, 2.724666442871094e+02, 2.724525451660156e+02, 2.724020690917969e+02, 2.722803344726562e+02, 2.720899963378906e+02, 2.718980102539062e+02, 2.717059936523438e+02, 2.715140075683594e+02, 2.713631591796875e+02, 2.713411865234375e+02, 2.713729858398438e+02, 2.714293518066406e+02, 2.714556884765625e+02, 2.714446716308594e+02, 2.714856872558594e+02, 2.716668701171875e+02, 2.717514038085938e+02, 2.716672058105469e+02, 2.716678771972656e+02, 2.71758056640625e+02, 2.718697814941406e+02, 2.7200390625e+02, 2.721656494140625e+02, 2.724968872070312e+02, 2.728500061035156e+02, 2.729950561523438e+02, 2.729598999023438e+02, 2.725846862792969e+02, 2.721623229980469e+02, 2.721732788085938e+02, 2.722332153320312e+02, 2.723517456054688e+02, 2.724693908691406e+02, 2.722129516601562e+02, 2.715361633300781e+02, 2.708384399414062e+02, 2.701152648925781e+02, 2.6966552734375e+02, 2.693913269042969e+02, 2.691483459472656e+02, 2.68912841796875e+02, 2.686530456542969e+02, 2.682867126464844e+02, 2.680051879882812e+02, 2.680009765625e+02, 2.679133911132812e+02, 2.676651611328125e+02, 2.674332275390625e+02, 2.672374267578125e+02, 2.670499877929688e+02]
hydraulic.generation.sigBusGen.TGenOutMea=[2.931499938964844e+02, 3.072737121582031e+02, 3.13672607421875e+02, 3.183539428710938e+02, 3.217197265625e+02, 3.227677917480469e+02, 3.229010620117188e+02, 3.228440856933594e+02, 3.228067321777344e+02, 3.227960815429688e+02, 3.227943115234375e+02, 3.227625427246094e+02, 3.22595703125e+02, 3.224231567382812e+02, 3.222771606445312e+02, 3.221490173339844e+02, 3.221632080078125e+02, 3.221374816894531e+02, 3.215822448730469e+02, 3.218050231933594e+02, 3.218656616210938e+02, 3.218650207519531e+02, 3.215976257324219e+02, 3.213367614746094e+02, 3.212250061035156e+02, 3.211233520507812e+02, 3.209384155273438e+02, 3.207262573242188e+02, 3.20597900390625e+02, 3.205193786621094e+02, 3.201452331542969e+02, 3.19535888671875e+02, 3.193941650390625e+02, 3.194053344726562e+02, 3.194579467773438e+02, 3.194356689453125e+02, 3.196795043945312e+02, 3.196366271972656e+02, 3.197394409179688e+02, 3.199252319335938e+02, 3.201265869140625e+02, 3.203331298828125e+02, 3.20530517578125e+02, 3.20645263671875e+02, 3.207096862792969e+02, 3.213418579101562e+02, 3.206361999511719e+02, 3.210556945800781e+02, 3.209192199707031e+02, 3.207862243652344e+02, 3.207032165527344e+02, 3.206755676269531e+02, 3.206871643066406e+02, 3.207367553710938e+02, 3.208561096191406e+02, 3.2105224609375e+02, 3.212572021484375e+02, 3.214606018066406e+02, 3.216616821289062e+02, 3.218298645019531e+02, 3.21868896484375e+02, 3.218369445800781e+02, 3.217751770019531e+02, 3.217410278320312e+02, 3.217555847167969e+02, 3.233015747070312e+02, 3.215259399414062e+02, 3.215896911621094e+02, 3.215733947753906e+02, 3.21543212890625e+02, 3.214417114257812e+02, 3.213277282714844e+02, 3.211920166015625e+02, 3.210316467285156e+02, 3.207037048339844e+02, 3.203145141601562e+02, 3.201231994628906e+02, 3.201385498046875e+02, 3.204899597167969e+02, 3.209703369140625e+02, 3.210206909179688e+02, 3.208698425292969e+02, 3.210050659179688e+02, 3.207533264160156e+02, 3.209100036621094e+02, 3.215828247070312e+02, 3.223386535644531e+02, 3.231112670898438e+02, 3.236161804199219e+02, 3.238865966796875e+02, 3.241246337890625e+02, 3.243784484863281e+02, 3.246447143554688e+02, 3.250122985839844e+02, 3.253329772949219e+02, 3.281144104003906e+02, 3.245449523925781e+02, 3.257833557128906e+02, 3.259449768066406e+02, 3.261376647949219e+02, 3.263317260742188e+02]
outputs.building.TZone[1]=[2.931499938964844e+02, 2.8826318359375e+02, 2.887152404785156e+02, 2.890639343261719e+02, 2.893218688964844e+02, 2.894258117675781e+02, 2.893727111816406e+02, 2.893170776367188e+02, 2.89313232421875e+02, 2.893291931152344e+02, 2.893486633300781e+02, 2.893736572265625e+02, 2.894091186523438e+02, 2.895386962890625e+02, 2.898456420898438e+02, 2.901331481933594e+02, 2.903299560546875e+02, 2.905319213867188e+02, 2.906257019042969e+02, 2.908535766601562e+02, 2.909417114257812e+02, 2.910406494140625e+02, 2.911417541503906e+02, 2.91224365234375e+02, 2.912257995605469e+02, 2.912296142578125e+02, 2.912094421386719e+02, 2.911720275878906e+02, 2.912745361328125e+02, 2.914058227539062e+02, 2.915581970214844e+02, 2.91689208984375e+02, 2.917410278320312e+02, 2.917701721191406e+02, 2.917638549804688e+02, 2.916992797851562e+02, 2.917028198242188e+02, 2.916477966308594e+02, 2.915646057128906e+02, 2.914451904296875e+02, 2.9135986328125e+02, 2.913775939941406e+02, 2.913934326171875e+02, 2.913887329101562e+02, 2.913725891113281e+02, 2.913099670410156e+02, 2.911443786621094e+02, 2.912805786132812e+02, 2.912973327636719e+02, 2.912845764160156e+02, 2.912731018066406e+02, 2.912834777832031e+02, 2.912994995117188e+02, 2.913169250488281e+02, 2.913353271484375e+02, 2.913569641113281e+02, 2.913815002441406e+02, 2.914067077636719e+02, 2.914323425292969e+02, 2.914596862792969e+02, 2.91486083984375e+02, 2.915077819824219e+02, 2.915274963378906e+02, 2.916275634765625e+02, 2.918797607421875e+02, 2.921070556640625e+02, 2.921870422363281e+02, 2.923414916992188e+02, 2.923998718261719e+02, 2.924763488769531e+02, 2.925558471679688e+02, 2.928165283203125e+02, 2.930854797363281e+02, 2.932470092773438e+02, 2.933157653808594e+02, 2.933268737792969e+02, 2.932758483886719e+02, 2.932217102050781e+02, 2.931951293945312e+02, 2.932152404785156e+02, 2.932521667480469e+02, 2.93240234375e+02, 2.932916564941406e+02, 2.932713317871094e+02, 2.932539672851562e+02, 2.932686462402344e+02, 2.932840881347656e+02, 2.93285400390625e+02, 2.932345275878906e+02, 2.931085815429688e+02, 2.930304260253906e+02, 2.930462646484375e+02, 2.930556640625e+02, 2.930479736328125e+02, 2.930462341308594e+02, 2.929805908203125e+02, 2.92875e+02, 2.930814514160156e+02, 2.9305859375e+02, 2.930507507324219e+02, 2.930436401367188e+02]
electricalGrid.PElecGen=[0e+00, 0e+00]
electricalGrid.PElecLoa=[3.82371875e+03, 3.824535400390625e+03, 4.036172119140625e+03, 4.4266630859375e+03, 4.71058935546875e+03, 3.85283251953125e+03, 3.571352783203125e+03, 3.484851318359375e+03, 3.478135498046875e+03, 3.481260986328125e+03, 3.482843994140625e+03, 3.45787109375e+03, 3.3718359375e+03, 3.320169921875e+03, 3.251745849609375e+03, 3.191973388671875e+03, 3.215482177734375e+03, 3.160104736328125e+03, 4.048907470703125e+03, 3.21741162109375e+03, 3.10024755859375e+03, 3.030910888671875e+03, 2.886381103515625e+03, 2.82980615234375e+03, 2.83493212890625e+03, 2.810876953125e+03, 2.751548828125e+03, 2.704232666015625e+03, 2.69507666015625e+03, 2.671534912109375e+03, 2.487272216796875e+03, 2.325542236328125e+03, 2.393294189453125e+03, 2.42810791015625e+03, 2.4493271484375e+03, 3.075064453125003e+03, 2.60323876953125e+03, 2.485813232421875e+03, 2.53972265625e+03, 2.60624072265625e+03, 2.66346484375e+03, 2.706594482421875e+03, 2.742301513671875e+03, 2.744033447265625e+03, 2.7471181640625e+03, 4.7039638671875e+03, 4.019890869140625e+03, 3.006626953125e+03, 2.767672119140625e+03, 2.722140380859375e+03, 2.716673828125e+03, 2.72426025390625e+03, 2.7357783203125e+03, 2.755492919921875e+03, 2.798720947265625e+03, 2.85586376953125e+03, 2.9001650390625e+03, 2.94113232421875e+03, 2.98815625e+03, 3.011244873046875e+03, 2.977768310546875e+03, 2.946986328125e+03, 2.923989990234375e+03, 2.919402587890625e+03, 2.9079921875e+03, 4.86044970703125e+03, 3.4644921875e+03, 2.89038330078125e+03, 2.814705810546875e+03, 2.77882958984375e+03, 2.7312783203125e+03, 2.67410498046875e+03, 2.59960693359375e+03, 2.5035224609375e+03, 2.354003662109375e+03, 2.258930419921875e+03, 2.264285888671875e+03, 2.31315576171875e+03, 2.471537841796875e+03, 2.5569736328125e+03, 2.431473388671875e+03, 3.1272001953125e+03, 2.3886083984375e+03, 2.265818359375e+03, 2.38370947265625e+03, 2.602574462890625e+03, 2.726623291015625e+03, 2.8402421875e+03, 2.843545166015625e+03, 2.902720703125e+03, 3.010998779296875e+03, 3.08647705078125e+03, 3.188002197265625e+03, 3.353361328125e+03, 3.43841064453125e+03, 5.20337353515625e+03, 4.90410791015625e+03, 3.545102294921875e+03, 3.665071533203125e+03, 3.76085546875e+03, 3.862465087890625e+03]
