last-generated=2024-09-02
statistics-initialization=
{
  "nonlinear": "5, 7, 1, 3, 1",
  "numerical Jacobians": "0"
}
statistics-simulation=
{
  "linear": "0, 0, 0, 0, 0, 0, 0, 0, 0, 0, 0, 0, 0, 0, 0, 0, 0, 0, 0, 0, 0, 0, 0, 0, 0, 0, 0,   0, 0, 0, 0, 0, 0, 0, 0, 0, 0, 0, 0, 0, 0, 0, 0",
  "nonlinear": "1, 1, 6, 1, 1, 1, 1, 1, 0, 1, 0, 1, 0, 1, 1",
  "number of continuous time states": "100",
  "numerical Jacobians": "0"
}
time=[0e+00, 8.64e+04]
weaDat.weaBus.TDryBul=[2.713500061035156e+02, 2.714065551757812e+02, 2.714423522949219e+02, 2.714366760253906e+02, 2.713688049316406e+02, 2.7125e+02, 2.711300048828125e+02, 2.71010009765625e+02, 2.708900146484375e+02, 2.707699890136719e+02, 2.706499938964844e+02, 2.705299987792969e+02, 2.704100036621094e+02, 2.702814025878906e+02, 2.701031188964844e+02, 2.698934020996094e+02, 2.696802062988281e+02, 2.694894714355469e+02, 2.693132629394531e+02, 2.691443176269531e+02, 2.689815979003906e+02, 2.688259887695312e+02, 2.687498474121094e+02, 2.687407531738281e+02, 2.687302856445312e+02, 2.686499938964844e+02, 2.684281311035156e+02, 2.681062622070312e+02, 2.677860412597656e+02, 2.675690002441406e+02, 2.674700012207031e+02, 2.673739929199219e+02, 2.672780151367188e+02, 2.671820068359375e+02, 2.670859985351562e+02, 2.66989990234375e+02, 2.668940124511719e+02, 2.667980041503906e+02, 2.667543640136719e+02, 2.670124816894531e+02, 2.674586791992188e+02, 2.679197998046875e+02, 2.682342834472656e+02, 2.684475708007812e+02, 2.686448669433594e+02, 2.688818969726562e+02, 2.692129211425781e+02, 2.696084899902344e+02, 2.700237121582031e+02, 2.704428100585938e+02, 2.708500061035156e+02, 2.712447509765625e+02, 2.716349792480469e+02, 2.720175170898438e+02, 2.723893127441406e+02, 2.72725830078125e+02, 2.729895324707031e+02, 2.731852111816406e+02, 2.733184814453125e+02, 2.734028930664062e+02, 2.734673461914062e+02, 2.735138549804688e+02, 2.735424194335938e+02, 2.735553894042969e+02, 2.735648498535156e+02, 2.735686645507812e+02, 2.73562255859375e+02, 2.735403137207031e+02, 2.734952392578125e+02, 2.734378051757812e+02, 2.733829650878906e+02, 2.733453369140625e+02, 2.733241271972656e+02, 2.73316162109375e+02, 2.733239440917969e+02, 2.733500061035156e+02, 2.734044799804688e+02, 2.734835205078125e+02, 2.735684204101562e+02, 2.736405334472656e+02, 2.736940002441406e+02, 2.737383422851562e+02, 2.737637023925781e+02, 2.737596740722656e+02, 2.737111511230469e+02, 2.736122741699219e+02, 2.734936828613281e+02, 2.733878784179688e+02, 2.733190002441406e+02, 2.732585144042969e+02, 2.73205322265625e+02, 2.731657104492188e+02, 2.731450805664062e+02, 2.73135498046875e+02, 2.731335754394531e+02, 2.731393432617188e+02, 2.7315283203125e+02, 2.73175048828125e+02, 2.732023315429688e+02, 2.732291564941406e+02, 2.7325e+02]
hydraulic.generation.sigBusGen.TGenOutMea=[2.931499938964844e+02, 2.990539855957031e+02, 3.005993041992188e+02, 3.110107727050781e+02, 3.069226379394531e+02, 3.090465393066406e+02, 3.0947021484375e+02, 3.0982958984375e+02, 3.101254577636719e+02, 3.103672790527344e+02, 3.105636901855469e+02, 3.10721435546875e+02, 3.108460998535156e+02, 3.1094189453125e+02, 3.110083618164062e+02, 3.110498046875e+02, 3.110765991210938e+02, 3.110906982421875e+02, 3.110949096679688e+02, 3.110907592773438e+02, 3.110799255371094e+02, 3.110638427734375e+02, 3.1105029296875e+02, 3.110432739257812e+02, 3.110391540527344e+02, 3.11031005859375e+02, 3.110212097167969e+02, 3.110212707519531e+02, 3.110260314941406e+02, 3.110451049804688e+02, 3.110812683105469e+02, 3.111170043945312e+02, 3.111578063964844e+02, 3.112033996582031e+02, 3.112527160644531e+02, 3.113006591796875e+02, 3.113497009277344e+02, 3.114041442871094e+02, 3.114713134765625e+02, 3.115653686523438e+02, 3.116861877441406e+02, 3.118323364257812e+02, 3.119888305664062e+02, 3.121499633789062e+02, 3.12310546875e+02, 3.124649658203125e+02, 3.126105041503906e+02, 3.127437744140625e+02, 3.128682556152344e+02, 3.129805603027344e+02, 3.128476867675781e+02, 3.126344909667969e+02, 3.12361572265625e+02, 3.120711364746094e+02, 3.201014099121094e+02, 3.283369140625001e+02, 3.365720825195313e+02, 3.079851379394532e+02, 3.09396240234375e+02, 3.101510009765625e+02, 3.107651062011719e+02, 3.109790954589844e+02, 3.110325317382812e+02, 3.110155029296875e+02, 3.109621887207031e+02, 3.10910400390625e+02, 3.108737182617188e+02, 3.108575134277344e+02, 3.108642272949219e+02, 3.108891296386719e+02, 3.109222717285156e+02, 3.109517517089844e+02, 3.109724731445312e+02, 3.109837341308594e+02, 3.109840087890625e+02, 3.109715576171875e+02, 3.109399108886719e+02, 3.1088916015625e+02, 3.108299865722656e+02, 3.107738952636719e+02, 3.107294006347656e+02, 3.106958923339844e+02, 3.106744689941406e+02, 3.106707153320312e+02, 3.106935729980469e+02, 3.107488098144531e+02, 3.108241577148438e+02, 3.108990783691406e+02, 3.109588623046875e+02, 3.110093688964844e+02, 3.110520324707031e+02, 3.209700927734375e+02, 3.289975891113281e+02, 3.156979370117188e+02, 3.076964416503906e+02, 3.090861206054688e+02, 3.0981396484375e+02, 3.104714965820312e+02, 3.109927673339844e+02, 3.111661682128906e+02, 3.112126159667969e+02]
outputs.building.TZone[1]=[2.931499938964844e+02, 2.890836181640625e+02, 2.891642150878906e+02, 2.89421875e+02, 2.898426513671875e+02, 2.899552307128906e+02, 2.899441833496094e+02, 2.899432983398438e+02, 2.89940185546875e+02, 2.8993310546875e+02, 2.899217529296875e+02, 2.899064636230469e+02, 2.898876647949219e+02, 2.898652648925781e+02, 2.89834228515625e+02, 2.898140869140625e+02, 2.898075256347656e+02, 2.898027954101562e+02, 2.898002624511719e+02, 2.897986450195312e+02, 2.897979125976562e+02, 2.897981262207031e+02, 2.898059387207031e+02, 2.898243408203125e+02, 2.898455505371094e+02, 2.898611755371094e+02, 2.899673156738281e+02, 2.900992431640625e+02, 2.902367248535156e+02, 2.903900756835938e+02, 2.905239868164062e+02, 2.906370239257812e+02, 2.907529296875e+02, 2.90872314453125e+02, 2.909833374023438e+02, 2.910814819335938e+02, 2.911835021972656e+02, 2.913049011230469e+02, 2.914330749511719e+02, 2.915453491210938e+02, 2.916668090820312e+02, 2.918214111328125e+02, 2.919827270507812e+02, 2.921311645507812e+02, 2.922547607421875e+02, 2.923345947265625e+02, 2.9237255859375e+02, 2.923536071777344e+02, 2.923470764160156e+02, 2.923754272460938e+02, 2.924051208496094e+02, 2.92398193359375e+02, 2.923758850097656e+02, 2.923422546386719e+02, 2.922829284667969e+02, 2.920934753417969e+02, 2.918844909667969e+02, 2.919248046875e+02, 2.921045532226562e+02, 2.922279357910156e+02, 2.923614807128906e+02, 2.924861450195312e+02, 2.925870971679688e+02, 2.926503601074219e+02, 2.92670654296875e+02, 2.926813659667969e+02, 2.926873474121094e+02, 2.926844482421875e+02, 2.926562194824219e+02, 2.926305236816406e+02, 2.92609130859375e+02, 2.925899963378906e+02, 2.925610656738281e+02, 2.925311279296875e+02, 2.925021362304688e+02, 2.924741516113281e+02, 2.924225463867188e+02, 2.923607788085938e+02, 2.922958679199219e+02, 2.922275390625e+02, 2.921991577148438e+02, 2.922019653320312e+02, 2.922060852050781e+02, 2.922100830078125e+02, 2.922073364257812e+02, 2.921953125e+02, 2.921835632324219e+02, 2.92174072265625e+02, 2.921616821289062e+02, 2.921357421875e+02, 2.921091613769531e+02, 2.920481567382812e+02, 2.917882385253906e+02, 2.915444641113281e+02, 2.916280517578125e+02, 2.917456665039062e+02, 2.918198852539062e+02, 2.918868713378906e+02, 2.919482116699219e+02, 2.920003662109375e+02, 2.92033203125e+02]
electricalGrid.PElecGen=[0e+00, 0e+00]
electricalGrid.PElecLoa=[1.446735107421875e+03, 1.450330444335938e+03, 1.450568237304688e+03, 7.018685546875e+03, 1.450079833984375e+03, 1.449290649414062e+03, 1.44849365234375e+03, 1.4549248046875e+03, 1.463718139648438e+03, 1.47079833984375e+03, 1.476437377929688e+03, 1.480851318359375e+03, 1.484219970703125e+03, 1.486634643554688e+03, 1.487901123046875e+03, 1.488247802734375e+03, 1.488119750976562e+03, 1.487695434570312e+03, 1.487026245117188e+03, 1.4861298828125e+03, 1.485054443359375e+03, 1.483850830078125e+03, 1.48309716796875e+03, 1.482845825195312e+03, 1.482671020507812e+03, 1.482045654296875e+03, 1.480761840820312e+03, 1.479287231445312e+03, 1.477783203125e+03, 1.477267211914062e+03, 1.47786572265625e+03, 1.47846484375e+03, 1.479217895507812e+03, 1.480115112304688e+03, 1.481117431640625e+03, 1.482073120117188e+03, 1.483063720703125e+03, 1.4842236328125e+03, 1.486067260742188e+03, 1.490360717773438e+03, 1.496496826171875e+03, 1.503510620117188e+03, 1.509998779296875e+03, 1.516007690429688e+03, 1.521933959960938e+03, 1.527869506835938e+03, 1.534010986328125e+03, 1.540096069335938e+03, 1.546049438476562e+03, 1.5379111328125e+03, 1.415249755859375e+03, 1.298624267578125e+03, 1.21173681640625e+03, 1.142545166015625e+03, 1.807753295898438e+03, 2.086570800781252e+03, 2.374016113281252e+03, 1.462119506835938e+03, 1.4629130859375e+03, 1.475240234375e+03, 1.459321166992188e+03, 1.304811645507812e+03, 1.1909013671875e+03, 1.110493408203125e+03, 1.067403686523438e+03, 1.045263793945312e+03, 1.036825317382812e+03, 1.037756225585938e+03, 1.046547973632812e+03, 1.058562744140625e+03, 1.06939306640625e+03, 1.076033081054688e+03, 1.079080932617188e+03, 1.079794311523438e+03, 1.078007568359375e+03, 1.073641357421875e+03, 1.0659365234375e+03, 1.056487060546875e+03, 1.048030395507812e+03, 1.04367333984375e+03, 1.043128784179688e+03, 1.041947143554688e+03, 1.042765869140625e+03, 1.04750341796875e+03, 1.058650756835938e+03, 1.077345825195312e+03, 1.09767724609375e+03, 1.116276245117188e+03, 1.12570703125e+03, 1.132616455078125e+03, 1.138309326171875e+03, 1.841477416992188e+03, 2.112883056640625e+03, 3.088792114257812e+02, 1.46180078125e+03, 1.461838989257812e+03, 1.463513671875e+03, 1.484667602539062e+03, 1.478177490234375e+03, 1.351305297851562e+03, 1.248943237304688e+03]
