last-generated=2024-09-30
statistics-initialization=
{
  "nonlinear": "0, 0, 5, 7, 4, 1, 1",
  "numerical Jacobians": "0"
}
statistics-simulation=
{
  "linear": "0, 0, 0, 0, 0, 0, 0, 0",
  "nonlinear": "3, 6, 1, 0, 1, 0, 1, 0, 1, 1, 1",
  "number of continuous time states": "75",
  "numerical Jacobians": "0"
}
time=[0e+00, 1.728e+05]
weaDat.weaBus.TDryBul=[2.711499938964844e+02, 2.711964111328125e+02, 2.711585388183594e+02, 2.710329895019531e+02, 2.708773498535156e+02, 2.706598205566406e+02, 2.704615478515625e+02, 2.704500122070312e+02, 2.704500122070312e+02, 2.704500122070312e+02, 2.704500122070312e+02, 2.704904479980469e+02, 2.706648559570312e+02, 2.708219909667969e+02, 2.709660034179688e+02, 2.710835876464844e+02, 2.710487060546875e+02, 2.710967712402344e+02, 2.713839721679688e+02, 2.715577392578125e+02, 2.713986511230469e+02, 2.713771667480469e+02, 2.716394348144531e+02, 2.718602600097656e+02, 2.719464111328125e+02, 2.720499877929688e+02, 2.722364196777344e+02, 2.724353637695312e+02, 2.725456237792969e+02, 2.726259155273438e+02, 2.730393371582031e+02, 2.736041564941406e+02, 2.736746826171875e+02, 2.736636657714844e+02, 2.736180114746094e+02, 2.735700073242188e+02, 2.735389404296875e+02, 2.735155944824219e+02, 2.7335400390625e+02, 2.731619873046875e+02, 2.729700012207031e+02, 2.727780151367188e+02, 2.72593994140625e+02, 2.724955749511719e+02, 2.724342651367188e+02, 2.723796081542969e+02, 2.723463134765625e+02, 2.723376770019531e+02, 2.723522033691406e+02, 2.724003295898438e+02, 2.724500122070312e+02, 2.724666442871094e+02, 2.724525451660156e+02, 2.724020690917969e+02, 2.722803344726562e+02, 2.720899963378906e+02, 2.718980102539062e+02, 2.717059936523438e+02, 2.715140075683594e+02, 2.713631591796875e+02, 2.713411865234375e+02, 2.713729858398438e+02, 2.714293518066406e+02, 2.714556884765625e+02, 2.714446716308594e+02, 2.714856872558594e+02, 2.716668701171875e+02, 2.717514038085938e+02, 2.716672058105469e+02, 2.716678771972656e+02, 2.71758056640625e+02, 2.718697814941406e+02, 2.7200390625e+02, 2.721656494140625e+02, 2.724968872070312e+02, 2.728500061035156e+02, 2.729950561523438e+02, 2.729598999023438e+02, 2.725846862792969e+02, 2.721623229980469e+02, 2.721732788085938e+02, 2.722332153320312e+02, 2.723517456054688e+02, 2.724693908691406e+02, 2.722129516601562e+02, 2.715361633300781e+02, 2.708384399414062e+02, 2.701152648925781e+02, 2.6966552734375e+02, 2.693913269042969e+02, 2.691483459472656e+02, 2.68912841796875e+02, 2.686530456542969e+02, 2.682867126464844e+02, 2.680051879882812e+02, 2.680009765625e+02, 2.679133911132812e+02, 2.676651611328125e+02, 2.674332275390625e+02, 2.672374267578125e+02, 2.670499877929688e+02]
hydraulic.generation.sigBusGen.TGenOutMea=[2.931499938964844e+02, 3.067190856933594e+02, 3.138328247070312e+02, 3.190207214355469e+02, 3.223509826660156e+02, 3.2278076171875e+02, 3.2284033203125e+02, 3.228128662109375e+02, 3.227958679199219e+02, 3.227933959960938e+02, 3.22793701171875e+02, 3.227633361816406e+02, 3.225955505371094e+02, 3.2242041015625e+02, 3.222750854492188e+02, 3.2214697265625e+02, 3.221618957519531e+02, 3.221405334472656e+02, 3.218644104003906e+02, 3.198363037109375e+02, 3.219906921386719e+02, 3.219906005859375e+02, 3.216273803710938e+02, 3.213356018066406e+02, 3.212225646972656e+02, 3.211240539550781e+02, 3.209391174316406e+02, 3.207253112792969e+02, 3.205956420898438e+02, 3.205197143554688e+02, 3.201500549316406e+02, 3.195299987792969e+02, 3.193894653320312e+02, 3.194065551757812e+02, 3.194601135253906e+02, 3.195130004882812e+02, 3.195503540039062e+02, 3.195697326660156e+02, 3.197195739746094e+02, 3.211796264648438e+02, 3.202313537597656e+02, 3.204887390136719e+02, 3.20573974609375e+02, 3.206517944335938e+02, 3.207088012695312e+02, 3.207634887695312e+02, 3.205811462402344e+02, 3.210638122558594e+02, 3.208883666992188e+02, 3.207680053710938e+02, 3.206976318359375e+02, 3.206745300292969e+02, 3.206872253417969e+02, 3.2073681640625e+02, 3.208558349609375e+02, 3.21052978515625e+02, 3.212583618164062e+02, 3.214613342285156e+02, 3.216631469726562e+02, 3.218318176269531e+02, 3.218687438964844e+02, 3.218353576660156e+02, 3.217738342285156e+02, 3.217394409179688e+02, 3.217548522949219e+02, 3.217282104492188e+02, 3.270895690917969e+02, 3.21640869140625e+02, 3.216405639648438e+02, 3.215598754882812e+02, 3.214425354003906e+02, 3.213256225585938e+02, 3.2119091796875e+02, 3.210208740234375e+02, 3.206952209472656e+02, 3.203052062988281e+02, 3.201177978515625e+02, 3.201365661621094e+02, 3.204851989746094e+02, 3.209706115722656e+02, 3.210163269042969e+02, 3.209450988769531e+02, 3.208228454589844e+02, 3.206832580566406e+02, 3.208902893066406e+02, 3.21043701171875e+02, 3.225704040527344e+02, 3.232087707519531e+02, 3.236398620605469e+02, 3.238975219726562e+02, 3.241315307617188e+02, 3.24380126953125e+02, 3.246476440429688e+02, 3.250171813964844e+02, 3.253398742675781e+02, 3.237444458007812e+02, 3.235268249511719e+02, 3.250863342285156e+02, 3.258583374023438e+02, 3.261601257324219e+02, 3.263542175292969e+02]
outputs.building.TZone[1]=[2.931499938964844e+02, 2.881623229980469e+02, 2.886522827148438e+02, 2.890498962402344e+02, 2.893401184082031e+02, 2.893844604492188e+02, 2.893146667480469e+02, 2.89257568359375e+02, 2.892537536621094e+02, 2.892686157226562e+02, 2.89286376953125e+02, 2.893094482421875e+02, 2.893435363769531e+02, 2.8947119140625e+02, 2.897763671875e+02, 2.900623474121094e+02, 2.902571716308594e+02, 2.904570617675781e+02, 2.906245422363281e+02, 2.905650329589844e+02, 2.908228759765625e+02, 2.909657897949219e+02, 2.910596313476562e+02, 2.911365051269531e+02, 2.911366577148438e+02, 2.911399536132812e+02, 2.911193542480469e+02, 2.910812683105469e+02, 2.911824035644531e+02, 2.913121643066406e+02, 2.914630737304688e+02, 2.915912475585938e+02, 2.916437377929688e+02, 2.916729431152344e+02, 2.916658935546875e+02, 2.916348876953125e+02, 2.915953979492188e+02, 2.915401611328125e+02, 2.914611511230469e+02, 2.91342041015625e+02, 2.911991577148438e+02, 2.912831420898438e+02, 2.912908325195312e+02, 2.912793273925781e+02, 2.912608337402344e+02, 2.911997375488281e+02, 2.909762573242188e+02, 2.911622009277344e+02, 2.911791076660156e+02, 2.91165771484375e+02, 2.911548767089844e+02, 2.911650390625e+02, 2.911802673339844e+02, 2.911967468261719e+02, 2.912139587402344e+02, 2.912341613769531e+02, 2.912574157714844e+02, 2.912812805175781e+02, 2.913056640625e+02, 2.913317565917969e+02, 2.913572387695312e+02, 2.913780822753906e+02, 2.913971557617188e+02, 2.91496337890625e+02, 2.917472839355469e+02, 2.919737548828125e+02, 2.919759521484375e+02, 2.921672973632812e+02, 2.922669982910156e+02, 2.923392028808594e+02, 2.924161376953125e+02, 2.926760559082031e+02, 2.92945068359375e+02, 2.931174011230469e+02, 2.932029113769531e+02, 2.932286376953125e+02, 2.931916809082031e+02, 2.931488647460938e+02, 2.931312561035156e+02, 2.931608276367188e+02, 2.932094116210938e+02, 2.932447509765625e+02, 2.932568054199219e+02, 2.932522277832031e+02, 2.932520751953125e+02, 2.931456298828125e+02, 2.933207092285156e+02, 2.933397216796875e+02, 2.93287109375e+02, 2.931547546386719e+02, 2.930667419433594e+02, 2.930760498046875e+02, 2.930812377929688e+02, 2.930694885253906e+02, 2.930634460449219e+02, 2.93052490234375e+02, 2.928908996582031e+02, 2.929614562988281e+02, 2.930530395507812e+02, 2.930677795410156e+02, 2.930516662597656e+02]
electricalGrid.PElecGen=[0e+00, 0e+00]
electricalGrid.PElecLoa=[3.82532568359375e+03, 3.826142578125e+03, 4.20966552734375e+03, 4.65235888671875e+03, 4.44359326171875e+03, 3.539393798828125e+03, 3.493361328125e+03, 3.46986376953125e+03, 3.478361572265625e+03, 3.483087158203125e+03, 3.484661376953125e+03, 3.45650927734375e+03, 3.366485107421875e+03, 3.3214560546875e+03, 3.255689208984375e+03, 3.19767578125e+03, 3.226459228515625e+03, 3.159180908203125e+03, 2.995813720703125e+03, 4.73555517578125e+03, 3.501813720703125e+03, 3.0353037109375e+03, 2.87532958984375e+03, 2.8400029296875e+03, 2.854640380859375e+03, 2.82674072265625e+03, 2.7628896484375e+03, 2.716878173828125e+03, 2.7138330078125e+03, 2.688160400390625e+03, 2.48293115234375e+03, 2.338884765625e+03, 2.41895361328125e+03, 2.448953125e+03, 2.465373046875e+03, 2.477423828125e+03, 2.47965966796875e+03, 2.48984033203125e+03, 2.566110107421875e+03, 4.93324462890625e+03, 3.2083720703125e+03, 2.744084716796875e+03, 2.740891357421875e+03, 2.75140234375e+03, 2.761694580078125e+03, 2.776799560546875e+03, 4.08918896484375e+03, 2.8866083984375e+03, 2.7452177734375e+03, 2.7375625e+03, 2.738056640625e+03, 2.74577783203125e+03, 2.75683837890625e+03, 2.777073974609375e+03, 2.822790771484375e+03, 2.88044287109375e+03, 2.92306298828125e+03, 2.9636865234375e+03, 3.004637939453125e+03, 3.021913330078125e+03, 2.9909521484375e+03, 2.965403076171875e+03, 2.944468017578125e+03, 2.943299072265625e+03, 2.93300634765625e+03, 2.87982470703125e+03, 1.160069580078125e+03, 3.1411171875e+03, 2.83345166015625e+03, 2.78646484375e+03, 2.745659912109375e+03, 2.69314501953125e+03, 2.617955322265625e+03, 2.54575048828125e+03, 2.410182373046875e+03, 2.330153564453125e+03, 2.346685302734375e+03, 2.400966796875e+03, 2.581308837890625e+03, 2.66760302734375e+03, 2.545672607421875e+03, 2.4906845703125e+03, 2.4348798828125e+03, 2.40866748046875e+03, 2.550229736328125e+03, 4.36833154296875e+03, 3.08859130859375e+03, 3.020593505859375e+03, 3.019509033203125e+03, 3.0655087890625e+03, 3.1611064453125e+03, 3.246380615234375e+03, 3.3433623046875e+03, 3.501310302734375e+03, 3.570709228515625e+03, 4.61462060546875e+03, 3.206380615234375e+03, 4.134015625e+03, 4.032341552734375e+03, 3.969811279296875e+03, 4.00540478515625e+03]
