last-generated=2024-09-02
statistics-initialization=
{
  "nonlinear": "5, 7, 2, 0, 0, 1, 1",
  "numerical Jacobians": "0"
}
statistics-simulation=
{
  "linear": "0, 0, 0, 0, 0, 0, 0",
  "nonlinear": "2, 6, 1, 0, 1, 0, 1, 0, 1, 1, 1",
  "number of continuous time states": "67",
  "numerical Jacobians": "0"
}
time=[0e+00, 1.728e+05]
weaDat.weaBus.TDryBul=[2.711499938964844e+02, 2.711964111328125e+02, 2.711585388183594e+02, 2.710329895019531e+02, 2.708773498535156e+02, 2.706598205566406e+02, 2.704615478515625e+02, 2.704500122070312e+02, 2.704500122070312e+02, 2.704500122070312e+02, 2.704500122070312e+02, 2.704904479980469e+02, 2.706648559570312e+02, 2.708219909667969e+02, 2.709660034179688e+02, 2.710835876464844e+02, 2.710487060546875e+02, 2.710967712402344e+02, 2.713839721679688e+02, 2.715577392578125e+02, 2.713986511230469e+02, 2.713771667480469e+02, 2.716394348144531e+02, 2.718602600097656e+02, 2.719464111328125e+02, 2.720499877929688e+02, 2.722364196777344e+02, 2.724353637695312e+02, 2.725456237792969e+02, 2.726259155273438e+02, 2.730393371582031e+02, 2.736041564941406e+02, 2.736746826171875e+02, 2.736636657714844e+02, 2.736180114746094e+02, 2.735700073242188e+02, 2.735389404296875e+02, 2.735155944824219e+02, 2.7335400390625e+02, 2.731619873046875e+02, 2.729700012207031e+02, 2.727780151367188e+02, 2.72593994140625e+02, 2.724955749511719e+02, 2.724342651367188e+02, 2.723796081542969e+02, 2.723463134765625e+02, 2.723376770019531e+02, 2.723522033691406e+02, 2.724003295898438e+02, 2.724500122070312e+02, 2.724666442871094e+02, 2.724525451660156e+02, 2.724020690917969e+02, 2.722803344726562e+02, 2.720899963378906e+02, 2.718980102539062e+02, 2.717059936523438e+02, 2.715140075683594e+02, 2.713631591796875e+02, 2.713411865234375e+02, 2.713729858398438e+02, 2.714293518066406e+02, 2.714556884765625e+02, 2.714446716308594e+02, 2.714856872558594e+02, 2.716668701171875e+02, 2.717514038085938e+02, 2.716672058105469e+02, 2.716678771972656e+02, 2.71758056640625e+02, 2.718697814941406e+02, 2.7200390625e+02, 2.721656494140625e+02, 2.724968872070312e+02, 2.728500061035156e+02, 2.729950561523438e+02, 2.729598999023438e+02, 2.725846862792969e+02, 2.721623229980469e+02, 2.721732788085938e+02, 2.722332153320312e+02, 2.723517456054688e+02, 2.724693908691406e+02, 2.722129516601562e+02, 2.715361633300781e+02, 2.708384399414062e+02, 2.701152648925781e+02, 2.6966552734375e+02, 2.693913269042969e+02, 2.691483459472656e+02, 2.68912841796875e+02, 2.686530456542969e+02, 2.682867126464844e+02, 2.680051879882812e+02, 2.680009765625e+02, 2.679133911132812e+02, 2.676651611328125e+02, 2.674332275390625e+02, 2.672374267578125e+02, 2.670499877929688e+02]
hydraulic.generation.sigBusGen.TGenOutMea=[2.931499938964844e+02, 3.066344909667969e+02, 3.138789367675781e+02, 3.191392822265625e+02, 3.228367004394531e+02, 3.253791809082031e+02, 3.270803527832031e+02, 3.278757019042969e+02, 3.278726501464844e+02, 3.278177490234375e+02, 3.2779833984375e+02, 3.277654113769531e+02, 3.276003112792969e+02, 3.274255676269531e+02, 3.2728076171875e+02, 3.271526794433594e+02, 3.271645202636719e+02, 3.271443176269531e+02, 3.26875e+02, 3.266470947265625e+02, 3.26762939453125e+02, 3.268410949707031e+02, 3.265995178222656e+02, 3.225980834960938e+02, 3.001268615722656e+02, 2.948031311035156e+02, 2.93541748046875e+02, 2.932427978515625e+02, 3.111723632812501e+02, 3.178486022949219e+02, 3.227694702148438e+02, 3.198778381347656e+02, 3.242760620117188e+02, 3.247027282714844e+02, 3.245637817382812e+02, 3.245316467285156e+02, 3.067020263671875e+02, 2.963606262207031e+02, 2.939107055664062e+02, 2.933302612304688e+02, 3.069534606933594e+02, 3.146813049316406e+02, 3.203549499511719e+02, 3.243870239257812e+02, 3.259377746582031e+02, 3.259013366699219e+02, 3.258340759277344e+02, 3.258180541992188e+02, 3.258021850585938e+02, 3.257553100585938e+02, 3.256997985839844e+02, 3.256770935058594e+02, 3.256888732910156e+02, 3.257378234863281e+02, 3.249369201660156e+02, 3.239741516113282e+02, 3.263746948242188e+02, 3.266300354003906e+02, 3.267124938964844e+02, 3.268377380371094e+02, 3.268707580566406e+02, 3.268383483886719e+02, 3.267765197753906e+02, 3.267416381835938e+02, 3.267569885253906e+02, 3.267312927246094e+02, 3.265529174804688e+02, 3.264332885742188e+02, 3.265022583007812e+02, 3.265313110351562e+02, 3.264508666992188e+02, 3.263577270507812e+02, 3.2081005859375e+02, 2.997032470703125e+02, 2.9470263671875e+02, 2.935178833007812e+02, 2.932371215820312e+02, 3.278116455078125e+02, 3.151759033203125e+02, 3.21338134765625e+02, 3.2575927734375e+02, 3.262739868164062e+02, 3.259781799316406e+02, 3.257511596679688e+02, 3.259380798339844e+02, 3.065709228515625e+02, 2.963296813964844e+02, 2.939033203125e+02, 2.933284606933594e+02, 3.086109008789062e+02, 3.1585009765625e+02, 3.211110534667969e+02, 3.248273315429688e+02, 3.273760681152344e+02, 3.293307800292969e+02, 3.304734497070312e+02, 3.30584228515625e+02, 3.308160705566406e+02, 3.310575256347656e+02, 3.356224670410156e+02, 3.303475036621094e+02]
outputs.building.TZone[1]=[2.931499938964844e+02, 2.881278991699219e+02, 2.886315612792969e+02, 2.890379943847656e+02, 2.893353881835938e+02, 2.895294799804688e+02, 2.896451110839844e+02, 2.897237854003906e+02, 2.897663269042969e+02, 2.898011779785156e+02, 2.89837890625e+02, 2.898812255859375e+02, 2.899359741210938e+02, 2.900850830078125e+02, 2.904135437011719e+02, 2.907232360839844e+02, 2.909419555664062e+02, 2.911664123535156e+02, 2.913594360351562e+02, 2.915312805175781e+02, 2.916307678222656e+02, 2.917550048828125e+02, 2.91880126953125e+02, 2.919793701171875e+02, 2.910335693359375e+02, 2.902330627441406e+02, 2.896641235351562e+02, 2.892378845214844e+02, 2.899570617675781e+02, 2.907461547851562e+02, 2.914580993652344e+02, 2.914338073730469e+02, 2.919480895996094e+02, 2.922079772949219e+02, 2.922288818359375e+02, 2.922096557617188e+02, 2.918114929199219e+02, 2.908226013183594e+02, 2.901079711914062e+02, 2.895131530761719e+02, 2.894680480957031e+02, 2.901889038085938e+02, 2.90787109375e+02, 2.912411804199219e+02, 2.915298767089844e+02, 2.915375671386719e+02, 2.915036315917969e+02, 2.915398559570312e+02, 2.91581298828125e+02, 2.916023864746094e+02, 2.916188354492188e+02, 2.916531677246094e+02, 2.916917724609375e+02, 2.917312622070312e+02, 2.917016296386719e+02, 2.914300842285156e+02, 2.91771484375e+02, 2.9189111328125e+02, 2.919336547851562e+02, 2.919761962890625e+02, 2.920224304199219e+02, 2.9206494140625e+02, 2.921050720214844e+02, 2.922256774902344e+02, 2.924987487792969e+02, 2.927475280761719e+02, 2.928930969238281e+02, 2.930148620605469e+02, 2.93095703125e+02, 2.931948547363281e+02, 2.932791137695312e+02, 2.935122680664062e+02, 2.9370068359375e+02, 2.930924072265625e+02, 2.924525146484375e+02, 2.919847717285156e+02, 2.915867614746094e+02, 2.919654541015625e+02, 2.923253173828125e+02, 2.929714660644531e+02, 2.934967956542969e+02, 2.937051391601562e+02, 2.936669006347656e+02, 2.935871276855469e+02, 2.935106506347656e+02, 2.933441772460938e+02, 2.925765991210938e+02, 2.919098510742188e+02, 2.913536071777344e+02, 2.912693176269531e+02, 2.918258666992188e+02, 2.923690795898438e+02, 2.927822875976562e+02, 2.930580444335938e+02, 2.9324267578125e+02, 2.933736877441406e+02, 2.933739318847656e+02, 2.933657836914062e+02, 2.933568725585938e+02, 2.931278991699219e+02, 2.930975952148438e+02]
electricalGrid.PElecGen=[0e+00, 0e+00]
electricalGrid.PElecLoa=[3.821148681640625e+03, 3.821964599609375e+03, 4.173287109375e+03, 4.619556640625e+03, 4.938318359375e+03, 5.15621337890625e+03, 5.30302685546875e+03, 4.967426757812499e+03, 4.67138623046875e+03, 4.63679150390625e+03, 4.6411689453125e+03, 4.60694970703125e+03, 4.4895390625e+03, 4.42276416015625e+03, 4.3315537109375e+03, 4.2484072265625e+03, 4.275076171875e+03, 4.188871582031249e+03, 3.963826171875e+03, 3.91375341796875e+03, 4.06991162109375e+03, 4.008000244140625e+03, 3.808577880859375e+03, -6.156915161245411e-30, -1.512667790157913e-30, -2.074894125572026e-28, -2.849440797222623e-28, -3.173906367739983e-29, 3.964237792968753e+03, 4.5358740234375e+03, 4.975564453125e+03, 4.72922021484375e+03, 4.7941845703125e+03, 3.409495849609375e+03, 3.253909423828125e+03, 3.280646240234375e+03, -8.483637747443815e-29, -2.59413705619691e-29, -6.307172604387858e-29, -2.857006331526662e-29, 3.853132080078125e+03, 4.26381640625e+03, 4.75286474609375e+03, 5.10787353515625e+03, 4.1089140625e+03, 3.73073095703125e+03, 3.7184462890625e+03, 3.724496826171875e+03, 3.711727294921875e+03, 3.682854248046875e+03, 3.66494287109375e+03, 3.666043701171875e+03, 3.674966796875e+03, 3.696028564453125e+03, 5.205091796875e+03, 5.063306152343753e+03, 4.566971679687491e+03, 3.973522216796877e+03, 3.9564501953125e+03, 3.997429931640625e+03, 3.9580556640625e+03, 3.9174091796875e+03, 3.886277587890625e+03, 3.879431396484375e+03, 3.862055419921875e+03, 3.792414306640625e+03, 3.671537353515625e+03, 3.658654052734375e+03, 3.71983447265625e+03, 3.671869873046876e+03, 3.575309082031251e+03, 3.420573486328125e+03, -1.34991956661312e-28, -1.931823410387682e-28, -2.601902766844544e-30, -8.195290525435696e-29, -3.286145412112429e-28, 5.478634765625e+03, 4.3043525390625e+03, 4.83312841796875e+03, 5.05561962890625e+03, 3.3207587890625e+03, 2.94680029296875e+03, 2.807982177734375e+03, 2.866053955078125e+03, -3.024448606821633e-28, -1.480046227011859e-28, -3.109772118182848e-28, -2.973757709388185e-29, 3.7902431640625e+03, 4.31093994140625e+03, 4.752376953125e+03, 5.06726904296875e+03, 5.28222265625e+03, 5.70654541015625e+03, 5.29410986328125e+03, 4.9815556640625e+03, 5.18744189453125e+03, 5.3466982421875e+03, 7.67716943359375e+03, 7.48734033203125e+03]
