last-generated=2024-08-20
statistics-initialization=
{
  "linear": "0",
  "nonlinear": "5, 7, 1, 2, 1",
  "numerical Jacobians": "0"
}
statistics-simulation=
{
  "linear": "0, 0, 0, 0, 0, 0, 0, 0, 0, 0, 0, 0, 0, 0, 0, 0, 0, 0, 0, 0, 0, 0, 0, 0, 0, 0, 0,   0, 0, 0, 0, 0, 0, 0, 0, 0, 0, 0, 0, 0, 0, 0, 0, 0",
  "nonlinear": "1, 1, 6, 1, 1, 1, 1, 1, 0, 1, 0, 1, 0, 1, 1",
  "number of continuous time states": "104",
  "numerical Jacobians": "0"
}
time=[0e+00, 8.64e+04]
weaDat.weaBus.TDryBul=[2.713500061035156e+02, 2.714065551757812e+02, 2.714423522949219e+02, 2.714366760253906e+02, 2.713688049316406e+02, 2.7125e+02, 2.711300048828125e+02, 2.71010009765625e+02, 2.708900146484375e+02, 2.707699890136719e+02, 2.706499938964844e+02, 2.705299987792969e+02, 2.704100036621094e+02, 2.702814025878906e+02, 2.701031188964844e+02, 2.698934020996094e+02, 2.696802062988281e+02, 2.694894714355469e+02, 2.693132629394531e+02, 2.691443176269531e+02, 2.689815979003906e+02, 2.688259887695312e+02, 2.687498474121094e+02, 2.687407531738281e+02, 2.687302856445312e+02, 2.686499938964844e+02, 2.684281311035156e+02, 2.681062622070312e+02, 2.677860412597656e+02, 2.675690002441406e+02, 2.674700012207031e+02, 2.673739929199219e+02, 2.672780151367188e+02, 2.671820068359375e+02, 2.670859985351562e+02, 2.66989990234375e+02, 2.668940124511719e+02, 2.667980041503906e+02, 2.667543640136719e+02, 2.670124816894531e+02, 2.674586791992188e+02, 2.679197998046875e+02, 2.682342834472656e+02, 2.684475708007812e+02, 2.686448669433594e+02, 2.688818969726562e+02, 2.692129211425781e+02, 2.696084899902344e+02, 2.700237121582031e+02, 2.704428100585938e+02, 2.708500061035156e+02, 2.712447509765625e+02, 2.716349792480469e+02, 2.720175170898438e+02, 2.723893127441406e+02, 2.72725830078125e+02, 2.729895324707031e+02, 2.731852111816406e+02, 2.733184814453125e+02, 2.734028930664062e+02, 2.734673461914062e+02, 2.735138549804688e+02, 2.735424194335938e+02, 2.735553894042969e+02, 2.735648498535156e+02, 2.735686645507812e+02, 2.73562255859375e+02, 2.735403137207031e+02, 2.734952392578125e+02, 2.734378051757812e+02, 2.733829650878906e+02, 2.733453369140625e+02, 2.733241271972656e+02, 2.73316162109375e+02, 2.733239440917969e+02, 2.733500061035156e+02, 2.734044799804688e+02, 2.734835205078125e+02, 2.735684204101562e+02, 2.736405334472656e+02, 2.736940002441406e+02, 2.737383422851562e+02, 2.737637023925781e+02, 2.737596740722656e+02, 2.737111511230469e+02, 2.736122741699219e+02, 2.734936828613281e+02, 2.733878784179688e+02, 2.733190002441406e+02, 2.732585144042969e+02, 2.73205322265625e+02, 2.731657104492188e+02, 2.731450805664062e+02, 2.73135498046875e+02, 2.731335754394531e+02, 2.731393432617188e+02, 2.7315283203125e+02, 2.73175048828125e+02, 2.732023315429688e+02, 2.732291564941406e+02, 2.7325e+02]
hydraulic.generation.sigBusGen.TGenOutMea=[2.931499938964844e+02, 3.106717224121094e+02, 3.122340087890625e+02, 3.126835632324219e+02, 3.127088012695312e+02, 3.126797180175781e+02, 3.126646423339844e+02, 3.126819152832031e+02, 3.127266540527344e+02, 3.127896423339844e+02, 3.128633728027344e+02, 3.129428100585938e+02, 3.130251159667969e+02, 3.1311376953125e+02, 3.132339782714844e+02, 3.13377197265625e+02, 3.13526611328125e+02, 3.136636657714844e+02, 3.137904663085938e+02, 3.139110717773438e+02, 3.140266418457031e+02, 3.141370544433594e+02, 3.141989440917969e+02, 3.1421435546875e+02, 3.142234191894531e+02, 3.142720031738281e+02, 3.144117126464844e+02, 3.146255493164062e+02, 3.148503112792969e+02, 3.150163879394531e+02, 3.151029968261719e+02, 3.151755065917969e+02, 3.152431335449219e+02, 3.153095397949219e+02, 3.153759155273438e+02, 3.154421997070312e+02, 3.155090026855469e+02, 3.1557666015625e+02, 3.156148071289062e+02, 3.154659729003906e+02, 3.151794128417969e+02, 3.148598327636719e+02, 3.146211547851562e+02, 3.144536437988281e+02, 3.143065795898438e+02, 3.141401672363281e+02, 3.13914794921875e+02, 3.136416625976562e+02, 3.133501892089844e+02, 3.130544738769531e+02, 3.128139343261719e+02, 3.127055358886719e+02, 3.126461791992188e+02, 3.126293029785156e+02, 3.400153198242188e+02, 3.118025512695312e+02, 3.117659301757812e+02, 3.120719909667969e+02, 3.122918701171875e+02, 3.124810791015625e+02, 3.126495056152344e+02, 3.127989807128906e+02, 3.129309997558594e+02, 3.130455017089844e+02, 3.131406860351562e+02, 3.13219970703125e+02, 3.132853393554688e+02, 3.133367004394531e+02, 3.133688049316406e+02, 3.133859252929688e+02, 3.133930053710938e+02, 3.133945617675781e+02, 3.133917846679688e+02, 3.133858337402344e+02, 3.133797912597656e+02, 3.133757934570312e+02, 3.133742065429688e+02, 3.133734436035156e+02, 3.133739013671875e+02, 3.133724060058594e+02, 3.133706359863281e+02, 3.1337841796875e+02, 3.133872375488281e+02, 3.133932495117188e+02, 3.133908996582031e+02, 3.133736267089844e+02, 3.133449096679688e+02, 3.133103332519531e+02, 3.132762756347656e+02, 3.132381286621094e+02, 3.252413330078125e+02, 3.118229370117188e+02, 3.115437927246094e+02, 3.117610473632812e+02, 3.119950866699219e+02, 3.121755065917969e+02, 3.123228454589844e+02, 3.124453430175781e+02, 3.125479125976562e+02, 3.126343688964844e+02, 3.127067565917969e+02]
outputs.building.TZone[1]=[2.931499938964844e+02, 2.892138061523438e+02, 2.897255859375e+02, 2.9010791015625e+02, 2.902629089355469e+02, 2.903044128417969e+02, 2.903009643554688e+02, 2.902789611816406e+02, 2.902510986328125e+02, 2.902222900390625e+02, 2.901940612792969e+02, 2.901666564941406e+02, 2.901399230957031e+02, 2.901130676269531e+02, 2.900809936523438e+02, 2.900642395019531e+02, 2.900656433105469e+02, 2.900719604492188e+02, 2.900820617675781e+02, 2.900937805175781e+02, 2.901069641113281e+02, 2.901214904785156e+02, 2.901437072753906e+02, 2.901744384765625e+02, 2.902044982910156e+02, 2.902268371582031e+02, 2.903417663574219e+02, 2.904878540039062e+02, 2.906453247070312e+02, 2.908218688964844e+02, 2.909770812988281e+02, 2.911062927246094e+02, 2.9123486328125e+02, 2.91364990234375e+02, 2.914856872558594e+02, 2.915929870605469e+02, 2.917039794921875e+02, 2.918342590332031e+02, 2.919704895019531e+02, 2.920868530273438e+02, 2.922008361816406e+02, 2.923340759277344e+02, 2.924645080566406e+02, 2.92578857421875e+02, 2.92670654296875e+02, 2.927208862304688e+02, 2.927297668457031e+02, 2.926782531738281e+02, 2.926353454589844e+02, 2.926252136230469e+02, 2.926167907714844e+02, 2.925840148925781e+02, 2.925527954101562e+02, 2.925239562988281e+02, 2.924747619628906e+02, 2.924473571777344e+02, 2.925147399902344e+02, 2.925746765136719e+02, 2.926471557617188e+02, 2.927268371582031e+02, 2.928126525878906e+02, 2.928952941894531e+02, 2.929734497070312e+02, 2.930315551757812e+02, 2.930569763183594e+02, 2.930787048339844e+02, 2.930975341796875e+02, 2.931068420410156e+02, 2.930877075195312e+02, 2.930679931640625e+02, 2.930494384765625e+02, 2.930307312011719e+02, 2.930010070800781e+02, 2.929700012207031e+02, 2.929400939941406e+02, 2.929118041992188e+02, 2.9286181640625e+02, 2.928035278320312e+02, 2.927438659667969e+02, 2.926820678710938e+02, 2.9266064453125e+02, 2.926700744628906e+02, 2.926805419921875e+02, 2.926902465820312e+02, 2.926919250488281e+02, 2.926818237304688e+02, 2.926686096191406e+02, 2.92654296875e+02, 2.926347961425781e+02, 2.926008605957031e+02, 2.925663757324219e+02, 2.924659423828125e+02, 2.923791809082031e+02, 2.923681640625e+02, 2.923755493164062e+02, 2.923967590332031e+02, 2.924204406738281e+02, 2.924344482421875e+02, 2.924455261230469e+02, 2.924548645019531e+02, 2.924623413085938e+02]
electricalGrid.PElecGen=[0e+00, 0e+00]
electricalGrid.PElecLoa=[4.089443359375e+03, 4.0897060546875e+03, 2.482663330078125e+03, 1.753045654296875e+03, 1.51795263671875e+03, 1.43185302734375e+03, 1.401963012695312e+03, 1.398319213867188e+03, 1.405161499023438e+03, 1.415408935546875e+03, 1.426349243164062e+03, 1.437118286132812e+03, 1.4475625e+03, 1.458843505859375e+03, 1.47597607421875e+03, 1.495836669921875e+03, 1.513950439453125e+03, 1.528048828125e+03, 1.540009521484375e+03, 1.551354736328125e+03, 1.562310668945312e+03, 1.572707275390625e+03, 1.57390771484375e+03, 1.56815966796875e+03, 1.564851196289062e+03, 1.571829956054688e+03, 1.59441455078125e+03, 1.628579467773438e+03, 1.658998901367188e+03, 1.669359252929688e+03, 1.661441284179688e+03, 1.657434692382812e+03, 1.657073120117188e+03, 1.658624877929688e+03, 1.661178100585938e+03, 1.664818725585938e+03, 1.668734985351562e+03, 1.67207470703125e+03, 1.666087646484375e+03, 1.61506298828125e+03, 1.559110717773438e+03, 1.509090209960938e+03, 1.482437622070312e+03, 1.468629028320312e+03, 1.454905395507812e+03, 1.435119384765625e+03, 1.404399169921875e+03, 1.368983154296875e+03, 1.333957275390625e+03, 1.29945703125e+03, 1.277187133789062e+03, 1.27637158203125e+03, 1.276602416992188e+03, 1.27773095703125e+03, 5.638583984375e+03, 1.378958251953123e+03, 1.260128784179688e+03, 1.267952514648438e+03, 1.273407348632812e+03, 1.278174194335938e+03, 1.282473266601562e+03, 1.286328002929688e+03, 1.289758911132812e+03, 1.29274951171875e+03, 1.295248779296875e+03, 1.297339233398438e+03, 1.299060668945312e+03, 1.300399291992188e+03, 1.301203002929688e+03, 1.301596435546875e+03, 1.301724975585938e+03, 1.301725708007812e+03, 1.301626708984375e+03, 1.301460571289062e+03, 1.301309448242188e+03, 1.301233520507812e+03, 1.301249633789062e+03, 1.301308715820312e+03, 1.301400634765625e+03, 1.301421997070312e+03, 1.30142333984375e+03, 1.301669677734375e+03, 1.301926025390625e+03, 1.3020810546875e+03, 1.301970458984375e+03, 1.301415649414062e+03, 1.300538696289062e+03, 1.299520751953125e+03, 1.298555053710938e+03, 1.297491088867188e+03, 4.79049755859375e+03, 1.399682861328125e+03, 1.299400512695312e+03, 1.260349487304688e+03, 1.265995361328125e+03, 1.270432861328125e+03, 1.274109130859375e+03, 1.277168579101562e+03, 1.279752807617188e+03, 1.281947021484375e+03, 1.283793212890625e+03]
