last-generated=2024-09-02
statistics-initialization=
{
  "nonlinear": "5, 7, 1, 3, 1",
  "numerical Jacobians": "0"
}
statistics-simulation=
{
  "linear": "0, 0, 0, 0, 0, 0, 0, 0, 0, 0, 0, 0, 0, 0, 0, 0, 0, 0, 0, 0, 0, 0, 0, 0, 0, 0, 0,   0, 0, 0, 0, 0, 0, 0, 0, 0, 0, 0, 0, 0, 0, 0, 0",
  "nonlinear": "1, 1, 6, 1, 1, 1, 1, 1, 0, 1, 0, 1, 0, 1, 1",
  "number of continuous time states": "100",
  "numerical Jacobians": "0"
}
time=[0e+00, 8.64e+04]
weaDat.weaBus.TDryBul=[2.713500061035156e+02, 2.714065551757812e+02, 2.714423522949219e+02, 2.714366760253906e+02, 2.713688049316406e+02, 2.7125e+02, 2.711300048828125e+02, 2.71010009765625e+02, 2.708900146484375e+02, 2.707699890136719e+02, 2.706499938964844e+02, 2.705299987792969e+02, 2.704100036621094e+02, 2.702814025878906e+02, 2.701031188964844e+02, 2.698934020996094e+02, 2.696802062988281e+02, 2.694894714355469e+02, 2.693132629394531e+02, 2.691443176269531e+02, 2.689815979003906e+02, 2.688259887695312e+02, 2.687498474121094e+02, 2.687407531738281e+02, 2.687302856445312e+02, 2.686499938964844e+02, 2.684281311035156e+02, 2.681062622070312e+02, 2.677860412597656e+02, 2.675690002441406e+02, 2.674700012207031e+02, 2.673739929199219e+02, 2.672780151367188e+02, 2.671820068359375e+02, 2.670859985351562e+02, 2.66989990234375e+02, 2.668940124511719e+02, 2.667980041503906e+02, 2.667543640136719e+02, 2.670124816894531e+02, 2.674586791992188e+02, 2.679197998046875e+02, 2.682342834472656e+02, 2.684475708007812e+02, 2.686448669433594e+02, 2.688818969726562e+02, 2.692129211425781e+02, 2.696084899902344e+02, 2.700237121582031e+02, 2.704428100585938e+02, 2.708500061035156e+02, 2.712447509765625e+02, 2.716349792480469e+02, 2.720175170898438e+02, 2.723893127441406e+02, 2.72725830078125e+02, 2.729895324707031e+02, 2.731852111816406e+02, 2.733184814453125e+02, 2.734028930664062e+02, 2.734673461914062e+02, 2.735138549804688e+02, 2.735424194335938e+02, 2.735553894042969e+02, 2.735648498535156e+02, 2.735686645507812e+02, 2.73562255859375e+02, 2.735403137207031e+02, 2.734952392578125e+02, 2.734378051757812e+02, 2.733829650878906e+02, 2.733453369140625e+02, 2.733241271972656e+02, 2.73316162109375e+02, 2.733239440917969e+02, 2.733500061035156e+02, 2.734044799804688e+02, 2.734835205078125e+02, 2.735684204101562e+02, 2.736405334472656e+02, 2.736940002441406e+02, 2.737383422851562e+02, 2.737637023925781e+02, 2.737596740722656e+02, 2.737111511230469e+02, 2.736122741699219e+02, 2.734936828613281e+02, 2.733878784179688e+02, 2.733190002441406e+02, 2.732585144042969e+02, 2.73205322265625e+02, 2.731657104492188e+02, 2.731450805664062e+02, 2.73135498046875e+02, 2.731335754394531e+02, 2.731393432617188e+02, 2.7315283203125e+02, 2.73175048828125e+02, 2.732023315429688e+02, 2.732291564941406e+02, 2.7325e+02]
hydraulic.generation.sigBusGen.TGenOutMea=[2.931499938964844e+02, 3.004697265625e+02, 3.022615966796875e+02, 3.150161743164062e+02, 3.199059448242188e+02, 3.249538879394531e+02, 3.282285766601562e+02, 3.233136291503906e+02, 3.244719543457031e+02, 3.247566223144531e+02, 3.250523681640625e+02, 3.25318359375e+02, 3.255546569824219e+02, 3.257635498046875e+02, 3.25942138671875e+02, 3.260929565429688e+02, 3.262228698730469e+02, 3.263347473144531e+02, 3.264302978515625e+02, 3.265106201171875e+02, 3.265771789550781e+02, 3.266318054199219e+02, 3.266835021972656e+02, 3.267355041503906e+02, 3.267841491699219e+02, 3.2682275390625e+02, 3.268468933105469e+02, 3.268656921386719e+02, 3.268793334960938e+02, 3.334782409667969e+02, 3.274588623046875e+02, 3.282266540527344e+02, 3.281545104980469e+02, 3.280785522460938e+02, 3.280182800292969e+02, 3.279640502929688e+02, 3.281674499511719e+02, 3.289933776855469e+02, 3.289307250976562e+02, 3.288487243652344e+02, 3.288192443847656e+02, 3.288271179199219e+02, 3.288558349609375e+02, 3.289014587402344e+02, 3.289619140625e+02, 3.290342102050781e+02, 3.291177368164062e+02, 3.292095031738281e+02, 3.293088073730469e+02, 3.290770263671875e+02, 3.286729125976562e+02, 3.281895751953125e+02, 3.276723327636719e+02, 3.2715283203125e+02, 3.266496887207031e+02, 3.394232482910158e+02, 3.2537255859375e+02, 3.255114440917969e+02, 3.254785766601562e+02, 3.253921508789062e+02, 3.252831115722656e+02, 3.251877136230469e+02, 3.25117919921875e+02, 3.250762939453125e+02, 3.250499572753906e+02, 3.25037353515625e+02, 3.250404052734375e+02, 3.250627746582031e+02, 3.251117248535156e+02, 3.2517919921875e+02, 3.252501831054688e+02, 3.25306884765625e+02, 3.25344482421875e+02, 3.25363525390625e+02, 3.253614807128906e+02, 3.253358764648438e+02, 3.252764282226562e+02, 3.251841430664062e+02, 3.250774230957031e+02, 3.249780883789062e+02, 3.248988037109375e+02, 3.248351440429688e+02, 3.247948608398438e+02, 3.247886962890625e+02, 3.248331298828125e+02, 3.249383544921875e+02, 3.250771484375e+02, 3.252151794433594e+02, 3.253228149414062e+02, 3.25414794921875e+02, 3.259356689453125e+02, 3.266594848632812e+02, 3.241664428710938e+02, 3.249327087402344e+02, 3.255015258789062e+02, 3.256899719238281e+02, 3.257409973144531e+02, 3.257108764648438e+02, 3.256452331542969e+02, 3.255694580078125e+02, 3.255051574707031e+02]
outputs.building.TZone[1]=[2.931499938964844e+02, 2.8571435546875e+02, 2.858942260742188e+02, 2.863065795898438e+02, 2.870804138183594e+02, 2.878184814453125e+02, 2.885274963378906e+02, 2.890829772949219e+02, 2.891695251464844e+02, 2.891963500976562e+02, 2.892261657714844e+02, 2.8925e+02, 2.892690734863281e+02, 2.892831726074219e+02, 2.892873229980469e+02, 2.892994689941406e+02, 2.893211669921875e+02, 2.8934228515625e+02, 2.8936328125e+02, 2.893830261230469e+02, 2.894016418457031e+02, 2.89419189453125e+02, 2.894423828125e+02, 2.894741516113281e+02, 2.895072937011719e+02, 2.895339965820312e+02, 2.896427001953125e+02, 2.897696533203125e+02, 2.898983154296875e+02, 2.900391235351562e+02, 2.90334228515625e+02, 2.905225830078125e+02, 2.905957946777344e+02, 2.9068212890625e+02, 2.907636108398438e+02, 2.908353576660156e+02, 2.910173950195312e+02, 2.912570495605469e+02, 2.913369750976562e+02, 2.914110717773438e+02, 2.915011596679688e+02, 2.916313781738281e+02, 2.9177392578125e+02, 2.919066162109375e+02, 2.920177612304688e+02, 2.920874633789062e+02, 2.921197509765625e+02, 2.921044311523438e+02, 2.921095886230469e+02, 2.921531982421875e+02, 2.921841430664062e+02, 2.921665954589844e+02, 2.921253051757812e+02, 2.920657043457031e+02, 2.919879760742188e+02, 2.919591369628906e+02, 2.918887329101562e+02, 2.918713989257812e+02, 2.919059753417969e+02, 2.919589538574219e+02, 2.920173950195312e+02, 2.920708312988281e+02, 2.921195983886719e+02, 2.921512145996094e+02, 2.921590576171875e+02, 2.9216796875e+02, 2.921777954101562e+02, 2.921819763183594e+02, 2.921656188964844e+02, 2.921542358398438e+02, 2.921484680175781e+02, 2.921456604003906e+02, 2.921336669921875e+02, 2.921200256347656e+02, 2.921057434082031e+02, 2.920907592773438e+02, 2.920514526367188e+02, 2.92001708984375e+02, 2.91947021484375e+02, 2.918871765136719e+02, 2.918633728027344e+02, 2.918663024902344e+02, 2.918702697753906e+02, 2.918749389648438e+02, 2.918750305175781e+02, 2.918699645996094e+02, 2.918699035644531e+02, 2.918765563964844e+02, 2.918836364746094e+02, 2.918793029785156e+02, 2.918736267089844e+02, 2.918374633789062e+02, 2.917006225585938e+02, 2.916769714355469e+02, 2.917295532226562e+02, 2.918115234375e+02, 2.918822631835938e+02, 2.919234313964844e+02, 2.919450988769531e+02, 2.919539489746094e+02, 2.919549560546875e+02]
electricalGrid.PElecGen=[0e+00, 0e+00]
electricalGrid.PElecLoa=[4.6069794921875e+03, 4.6158173828125e+03, 4.61657568359375e+03, 2.2736376953125e+04, 2.273494140625e+04, 2.3138623046875e+04, 2.1991798828125e+04, 5.86896923828125e+03, 5.97951904296875e+03, 6.00669140625e+03, 6.035115234375e+03, 6.06028515625e+03, 6.08230078125e+03, 6.10119482421875e+03, 6.1157255859375e+03, 6.12658984375e+03, 6.13515673828125e+03, 6.14232666015625e+03, 6.14810009765625e+03, 6.15251611328125e+03, 6.15573095703125e+03, 6.15783935546875e+03, 6.16153369140625e+03, 6.16682275390625e+03, 6.171705078125e+03, 6.17383837890625e+03, 6.17111328125e+03, 6.1653583984375e+03, 6.15856494140625e+03, 2.0900736328125e+04, 6.2166630859375e+03, 6.2896240234375e+03, 6.27877587890625e+03, 6.2683818359375e+03, 6.25953955078125e+03, 6.25133251953125e+03, 6.27422265625e+03, 6.35481005859375e+03, 6.34581689453125e+03, 6.34454833984375e+03, 6.3537421875e+03, 6.36719384765625e+03, 6.3786328125e+03, 6.38888134765625e+03, 6.4002958984375e+03, 6.41396142578125e+03, 6.4312158203125e+03, 6.45095849609375e+03, 6.47207763671875e+03, 5.958123046875e+03, 5.35829638671875e+03, 4.9165712890625e+03, 4.5913740234375e+03, 4.3616513671875e+03, 4.18580419921875e+03, 7.746269531250021e+03, 5.827945312499995e+03, 5.221047851562505e+03, 4.80399169921875e+03, 4.52788525390625e+03, 4.38389306640625e+03, 4.31097705078125e+03, 4.2882138671875e+03, 4.29504931640625e+03, 4.3099580078125e+03, 4.32819140625e+03, 4.35100537109375e+03, 4.38297216796875e+03, 4.432079101562501e+03, 4.4864072265625e+03, 4.52905224609375e+03, 4.54659228515625e+03, 4.54326318359375e+03, 4.52747900390625e+03, 4.50016357421875e+03, 4.46114892578125e+03, 4.40353466796875e+03, 4.3346826171875e+03, 4.273755859375e+03, 4.2382236328125e+03, 4.22862939453125e+03, 4.22607177734375e+03, 4.23814990234375e+03, 4.27326806640625e+03, 4.343451171875e+03, 4.45175830078125e+03, 4.57031884765625e+03, 4.66611376953125e+03, 4.699888671875e+03, 4.71217529296875e+03, 7.09514501953125e+03, 1.760766479492188e+03, 5.99730615234375e+03, 6.0787099609375e+03, 5.9945283203125e+03, 5.496298828125e+03, 5.08637451171875e+03, 4.796505859375e+03, 4.60045751953125e+03, 4.49723388671875e+03, 4.45101513671875e+03]
