last-generated=2024-09-02
statistics-initialization=
{
  "nonlinear": "5, 7, 1, 1",
  "numerical Jacobians": "0"
}
statistics-simulation=
{
  "linear": "0, 0, 0, 0, 0, 0, 0",
  "nonlinear": "6, 1, 0, 1, 0, 1, 0, 1, 1, 1",
  "number of continuous time states": "48",
  "numerical Jacobians": "0"
}
time=[0e+00, 1.728e+05]
weaDat.weaBus.TDryBul=[2.711499938964844e+02, 2.711964111328125e+02, 2.711585388183594e+02, 2.710329895019531e+02, 2.708773498535156e+02, 2.706598205566406e+02, 2.704615478515625e+02, 2.704500122070312e+02, 2.704500122070312e+02, 2.704500122070312e+02, 2.704500122070312e+02, 2.704904479980469e+02, 2.706648559570312e+02, 2.708219909667969e+02, 2.709660034179688e+02, 2.710835876464844e+02, 2.710487060546875e+02, 2.710967712402344e+02, 2.713839721679688e+02, 2.715577392578125e+02, 2.713986511230469e+02, 2.713771667480469e+02, 2.716394348144531e+02, 2.718602600097656e+02, 2.719464111328125e+02, 2.720499877929688e+02, 2.722364196777344e+02, 2.724353637695312e+02, 2.725456237792969e+02, 2.726259155273438e+02, 2.730393371582031e+02, 2.736041564941406e+02, 2.736746826171875e+02, 2.736636657714844e+02, 2.736180114746094e+02, 2.735700073242188e+02, 2.735389404296875e+02, 2.735155944824219e+02, 2.7335400390625e+02, 2.731619873046875e+02, 2.729700012207031e+02, 2.727780151367188e+02, 2.72593994140625e+02, 2.724955749511719e+02, 2.724342651367188e+02, 2.723796081542969e+02, 2.723463134765625e+02, 2.723376770019531e+02, 2.723522033691406e+02, 2.724003295898438e+02, 2.724500122070312e+02, 2.724666442871094e+02, 2.724525451660156e+02, 2.724020690917969e+02, 2.722803344726562e+02, 2.720899963378906e+02, 2.718980102539062e+02, 2.717059936523438e+02, 2.715140075683594e+02, 2.713631591796875e+02, 2.713411865234375e+02, 2.713729858398438e+02, 2.714293518066406e+02, 2.714556884765625e+02, 2.714446716308594e+02, 2.714856872558594e+02, 2.716668701171875e+02, 2.717514038085938e+02, 2.716672058105469e+02, 2.716678771972656e+02, 2.71758056640625e+02, 2.718697814941406e+02, 2.7200390625e+02, 2.721656494140625e+02, 2.724968872070312e+02, 2.728500061035156e+02, 2.729950561523438e+02, 2.729598999023438e+02, 2.725846862792969e+02, 2.721623229980469e+02, 2.721732788085938e+02, 2.722332153320312e+02, 2.723517456054688e+02, 2.724693908691406e+02, 2.722129516601562e+02, 2.715361633300781e+02, 2.708384399414062e+02, 2.701152648925781e+02, 2.6966552734375e+02, 2.693913269042969e+02, 2.691483459472656e+02, 2.68912841796875e+02, 2.686530456542969e+02, 2.682867126464844e+02, 2.680051879882812e+02, 2.680009765625e+02, 2.679133911132812e+02, 2.676651611328125e+02, 2.674332275390625e+02, 2.672374267578125e+02, 2.670499877929688e+02]
hydraulic.generation.sigBusGen.TGenOutMea=[2.931499938964844e+02, 3.202524108886719e+02, 3.219604187011719e+02, 3.221444396972656e+02, 3.223180236816406e+02, 3.225403137207031e+02, 3.227579040527344e+02, 3.227863159179688e+02, 3.227908020019531e+02, 3.2279296875e+02, 3.227937316894531e+02, 3.227602233886719e+02, 3.225888977050781e+02, 3.22425537109375e+02, 3.222844848632812e+02, 3.221566162109375e+02, 3.221760864257812e+02, 3.221394958496094e+02, 3.2185107421875e+02, 3.216488647460938e+02, 3.217897644042969e+02, 3.218345336914062e+02, 3.215761108398438e+02, 3.130115051269531e+02, 2.971654052734375e+02, 2.921219482421875e+02, 2.901949768066406e+02, 2.892953186035156e+02, 3.185199279785157e+02, 3.20463134765625e+02, 3.20119873046875e+02, 3.195249633789062e+02, 3.194187622070312e+02, 3.19422119140625e+02, 3.194655456542969e+02, 3.195142517089844e+02, 3.023247375488281e+02, 2.938893127441406e+02, 2.909544677734375e+02, 2.896432800292969e+02, 3.087651672363281e+02, 3.201580505371094e+02, 3.205049133300781e+02, 3.206345825195312e+02, 3.207043151855469e+02, 3.207619018554688e+02, 3.207985534667969e+02, 3.208121643066406e+02, 3.207999572753906e+02, 3.207518615722656e+02, 3.206984558105469e+02, 3.206788330078125e+02, 3.206911926269531e+02, 3.207405090332031e+02, 3.20861083984375e+02, 3.210567321777344e+02, 3.212578125e+02, 3.214592895507812e+02, 3.216608581542969e+02, 3.218262023925781e+02, 3.218592834472656e+02, 3.218302917480469e+02, 3.217726745605469e+02, 3.217445068359375e+02, 3.217616882324219e+02, 3.217279663085938e+02, 3.215424194335938e+02, 3.214383544921875e+02, 3.215144348144531e+02, 3.215253601074219e+02, 3.214355163574219e+02, 3.2133056640625e+02, 3.127995300292969e+02, 2.978457641601562e+02, 2.932803955078125e+02, 2.915476989746094e+02, 2.907458801269531e+02, 3.194771118164062e+02, 3.204843139648438e+02, 3.209664001464844e+02, 3.209877319335938e+02, 3.209304809570312e+02, 3.208122863769531e+02, 3.206813354492188e+02, 3.209126281738281e+02, 3.030060424804688e+02, 2.948717041015625e+02, 2.92017578125e+02, 2.907652587890625e+02, 3.100594482421875e+02, 3.234124450683594e+02, 3.243257751464844e+02, 3.246394958496094e+02, 3.250230407714844e+02, 3.2538720703125e+02, 3.253775024414062e+02, 3.254770202636719e+02, 3.257792663574219e+02, 3.260314636230469e+02, 3.262256469726562e+02, 3.26416015625e+02]
outputs.building.TZone[1]=[2.931499938964844e+02, 2.894187927246094e+02, 2.89745361328125e+02, 2.896843872070312e+02, 2.896194458007812e+02, 2.895495300292969e+02, 2.894814453125e+02, 2.894263610839844e+02, 2.894240112304688e+02, 2.89439453125e+02, 2.894573669433594e+02, 2.894800415039062e+02, 2.895114135742188e+02, 2.896400756835938e+02, 2.899471740722656e+02, 2.902342529296875e+02, 2.904330139160156e+02, 2.906328430175781e+02, 2.907953491210938e+02, 2.909457397460938e+02, 2.910339050292969e+02, 2.911358642578125e+02, 2.912326354980469e+02, 2.912574157714844e+02, 2.89287109375e+02, 2.886306762695312e+02, 2.883206481933594e+02, 2.881078491210938e+02, 2.901582336425781e+02, 2.909405822753906e+02, 2.911277160644531e+02, 2.912709045410156e+02, 2.913475952148438e+02, 2.913889465332031e+02, 2.913910522460938e+02, 2.913688659667969e+02, 2.901473693847656e+02, 2.890026550292969e+02, 2.885097045898438e+02, 2.881293640136719e+02, 2.887211608886719e+02, 2.904420776367188e+02, 2.905750122070312e+02, 2.906028442382812e+02, 2.906084899902344e+02, 2.905681762695312e+02, 2.905306091308594e+02, 2.905565490722656e+02, 2.905845642089844e+02, 2.905914001464844e+02, 2.905945434570312e+02, 2.906168823242188e+02, 2.906434936523438e+02, 2.906712036132812e+02, 2.907003784179688e+02, 2.907326049804688e+02, 2.907662963867188e+02, 2.908004455566406e+02, 2.908351135253906e+02, 2.908706665039062e+02, 2.909031372070312e+02, 2.909324035644531e+02, 2.909603576660156e+02, 2.910688781738281e+02, 2.913283081054688e+02, 2.915607604980469e+02, 2.9168701171875e+02, 2.917956848144531e+02, 2.918661193847656e+02, 2.91953369140625e+02, 2.920406799316406e+02, 2.923091430664062e+02, 2.9245361328125e+02, 2.907420654296875e+02, 2.902329406738281e+02, 2.900213623046875e+02, 2.898327331542969e+02, 2.919090576171875e+02, 2.923126220703125e+02, 2.923898010253906e+02, 2.924612731933594e+02, 2.925249633789062e+02, 2.925653991699219e+02, 2.925876159667969e+02, 2.926233520507812e+02, 2.913443298339844e+02, 2.902330017089844e+02, 2.897804870605469e+02, 2.894578552246094e+02, 2.900680541992188e+02, 2.91728271484375e+02, 2.920500793457031e+02, 2.921058044433594e+02, 2.921246337890625e+02, 2.921407470703125e+02, 2.92137939453125e+02, 2.92128662109375e+02, 2.921575927734375e+02, 2.921851501464844e+02, 2.921856689453125e+02, 2.921819458007812e+02]
electricalGrid.PElecGen=[0e+00, 0e+00]
electricalGrid.PElecLoa=[3.538221923828125e+03, 4.09812744140625e+03, 3.211340576171875e+03, 3.267876220703125e+03, 3.331862548828125e+03, 3.420354736328125e+03, 3.4884130859375e+03, 3.494789794921875e+03, 3.5012138671875e+03, 3.50301513671875e+03, 3.504039306640625e+03, 3.48441845703125e+03, 3.4213447265625e+03, 3.36552587890625e+03, 3.279861328125e+03, 3.20572900390625e+03, 3.195629150390625e+03, 3.139699951171875e+03, 3.037640869140625e+03, 2.992014404296875e+03, 3.03413525390625e+03, 3.00642626953125e+03, 2.918065185546875e+03, -4.725874168798327e-04, -4.725874168798327e-04, -4.725874168798327e-04, -4.725874168798327e-04, -4.725874168798327e-04, 3.982590332031255e+03, 2.736960693359375e+03, 2.58177978515625e+03, 2.459550537109375e+03, 2.455171142578125e+03, 2.454479248046875e+03, 2.4622509765625e+03, 2.47248583984375e+03, -4.725874168798327e-04, -4.725874168798327e-04, -4.725874168798327e-04, -4.725874168798327e-04, 3.568650634765625e+03, 2.83594970703125e+03, 2.806008056640625e+03, 2.8202080078125e+03, 2.832418701171875e+03, 2.847931640625e+03, 2.858449462890625e+03, 2.85697802734375e+03, 2.848439453125e+03, 2.832957763671875e+03, 2.821072998046875e+03, 2.81661767578125e+03, 2.8185830078125e+03, 2.830099853515625e+03, 2.8615537109375e+03, 2.90663232421875e+03, 2.94989453125e+03, 2.99332373046875e+03, 3.03690380859375e+03, 3.064603271484375e+03, 3.05942626953125e+03, 3.045283447265625e+03, 3.026906005859375e+03, 3.014208740234375e+03, 2.9881552734375e+03, 2.940463623046875e+03, 2.872512451171875e+03, 2.8480439453125e+03, 2.864377685546875e+03, 2.84200732421875e+03, 2.803619140625e+03, 2.738507080078125e+03, -4.725874168798327e-04, -4.725874168798327e-04, -4.725874168798327e-04, -4.725874168798327e-04, -4.725874168798327e-04, 3.050996337890625e+03, 2.592456298828125e+03, 2.66732080078125e+03, 2.63642236328125e+03, 2.611693359375e+03, 2.5768720703125e+03, 2.5556181640625e+03, 2.63484033203125e+03, -4.725874168798327e-04, -4.725874168798327e-04, -4.725874168798327e-04, -4.725874168798327e-04, 3.5103564453125e+03, 4.1019306640625e+03, 3.626349365234375e+03, 3.704970947265625e+03, 3.82621435546875e+03, 4.015671630859375e+03, 3.987828369140625e+03, 4.1071103515625e+03, 4.368005859375e+03, 4.59323974609375e+03, 4.80269921875e+03, 5.01702392578125e+03]
