last-generated=2024-09-30
statistics-initialization=
{
  "nonlinear": "0, 0, 5, 7, 2, 0, 0, 1, 1",
  "numerical Jacobians": "0"
}
statistics-simulation=
{
  "linear": "0, 0, 0, 0, 0, 0, 0, 0",
  "nonlinear": "2, 6, 1, 0, 1, 0, 1, 0, 1, 1, 1",
  "number of continuous time states": "74",
  "numerical Jacobians": "0"
}
time=[0e+00, 1.728e+05]
weaDat.weaBus.TDryBul=[2.711499938964844e+02, 2.711964111328125e+02, 2.711585388183594e+02, 2.710329895019531e+02, 2.708773498535156e+02, 2.706598205566406e+02, 2.704615478515625e+02, 2.704500122070312e+02, 2.704500122070312e+02, 2.704500122070312e+02, 2.704500122070312e+02, 2.704904479980469e+02, 2.706648559570312e+02, 2.708219909667969e+02, 2.709660034179688e+02, 2.710835876464844e+02, 2.710487060546875e+02, 2.710967712402344e+02, 2.713839721679688e+02, 2.715577392578125e+02, 2.713986511230469e+02, 2.713771667480469e+02, 2.716394348144531e+02, 2.718602600097656e+02, 2.719464111328125e+02, 2.720499877929688e+02, 2.722364196777344e+02, 2.724353637695312e+02, 2.725456237792969e+02, 2.726259155273438e+02, 2.730393371582031e+02, 2.736041564941406e+02, 2.736746826171875e+02, 2.736636657714844e+02, 2.736180114746094e+02, 2.735700073242188e+02, 2.735389404296875e+02, 2.735155944824219e+02, 2.7335400390625e+02, 2.731619873046875e+02, 2.729700012207031e+02, 2.727780151367188e+02, 2.72593994140625e+02, 2.724955749511719e+02, 2.724342651367188e+02, 2.723796081542969e+02, 2.723463134765625e+02, 2.723376770019531e+02, 2.723522033691406e+02, 2.724003295898438e+02, 2.724500122070312e+02, 2.724666442871094e+02, 2.724525451660156e+02, 2.724020690917969e+02, 2.722803344726562e+02, 2.720899963378906e+02, 2.718980102539062e+02, 2.717059936523438e+02, 2.715140075683594e+02, 2.713631591796875e+02, 2.713411865234375e+02, 2.713729858398438e+02, 2.714293518066406e+02, 2.714556884765625e+02, 2.714446716308594e+02, 2.714856872558594e+02, 2.716668701171875e+02, 2.717514038085938e+02, 2.716672058105469e+02, 2.716678771972656e+02, 2.71758056640625e+02, 2.718697814941406e+02, 2.7200390625e+02, 2.721656494140625e+02, 2.724968872070312e+02, 2.728500061035156e+02, 2.729950561523438e+02, 2.729598999023438e+02, 2.725846862792969e+02, 2.721623229980469e+02, 2.721732788085938e+02, 2.722332153320312e+02, 2.723517456054688e+02, 2.724693908691406e+02, 2.722129516601562e+02, 2.715361633300781e+02, 2.708384399414062e+02, 2.701152648925781e+02, 2.6966552734375e+02, 2.693913269042969e+02, 2.691483459472656e+02, 2.68912841796875e+02, 2.686530456542969e+02, 2.682867126464844e+02, 2.680051879882812e+02, 2.680009765625e+02, 2.679133911132812e+02, 2.676651611328125e+02, 2.674332275390625e+02, 2.672374267578125e+02, 2.670499877929688e+02]
hydraulic.generation.sigBusGen.TGenOutMea=[2.931499938964844e+02, 3.068103637695312e+02, 3.138709106445312e+02, 3.190361022949219e+02, 3.223576354980469e+02, 3.227802429199219e+02, 3.228422546386719e+02, 3.228136596679688e+02, 3.227960815429688e+02, 3.227933959960938e+02, 3.227936706542969e+02, 3.227633056640625e+02, 3.225953979492188e+02, 3.224205017089844e+02, 3.222749938964844e+02, 3.221467590332031e+02, 3.221619873046875e+02, 3.221404113769531e+02, 3.218638305664062e+02, 3.209732666015625e+02, 3.21997314453125e+02, 3.21954833984375e+02, 3.216163940429688e+02, 3.213341674804688e+02, 3.212227172851562e+02, 3.211240539550781e+02, 3.209390258789062e+02, 3.207253112792969e+02, 3.205956726074219e+02, 3.205196228027344e+02, 3.201495666503906e+02, 3.195297241210938e+02, 3.193900451660156e+02, 3.194064636230469e+02, 3.194599609375e+02, 3.19512939453125e+02, 3.195503540039062e+02, 3.195697021484375e+02, 3.197197265625e+02, 3.188635864257812e+02, 3.203229675292969e+02, 3.204380798339844e+02, 3.205548095703125e+02, 3.206483459472656e+02, 3.207087097167969e+02, 3.207167663574219e+02, 3.205763549804688e+02, 3.210545349121094e+02, 3.208888244628906e+02, 3.2076904296875e+02, 3.206979370117188e+02, 3.206745300292969e+02, 3.206871948242188e+02, 3.207367858886719e+02, 3.208558349609375e+02, 3.21052978515625e+02, 3.212583312988281e+02, 3.214613342285156e+02, 3.216631469726562e+02, 3.218318176269531e+02, 3.218686828613281e+02, 3.218353881835938e+02, 3.217738342285156e+02, 3.217394714355469e+02, 3.217548217773438e+02, 3.217281494140625e+02, 3.199852905273438e+02, 3.216405029296875e+02, 3.216261291503906e+02, 3.2155615234375e+02, 3.21442138671875e+02, 3.213256530761719e+02, 3.211908874511719e+02, 3.210209350585938e+02, 3.206936340332031e+02, 3.20303955078125e+02, 3.201171875e+02, 3.201360473632812e+02, 3.204847412109375e+02, 3.209695129394531e+02, 3.210146179199219e+02, 3.20944091796875e+02, 3.208223266601562e+02, 3.206826782226562e+02, 3.208893432617188e+02, 3.213405456542969e+02, 3.225439453125e+02, 3.231879272460938e+02, 3.236351623535156e+02, 3.238990173339844e+02, 3.241329040527344e+02, 3.243807373046875e+02, 3.246482543945312e+02, 3.250181884765625e+02, 3.253407897949219e+02, 3.28666259765625e+02, 3.25479248046875e+02, 3.25759765625e+02, 3.259594421386719e+02, 3.261473999023438e+02, 3.263395690917969e+02]
outputs.building.TZone[1]=[2.931499938964844e+02, 2.881550598144531e+02, 2.88640380859375e+02, 2.890352478027344e+02, 2.8932470703125e+02, 2.893709411621094e+02, 2.893020935058594e+02, 2.892448120117188e+02, 2.892405700683594e+02, 2.892550048828125e+02, 2.892723388671875e+02, 2.892950439453125e+02, 2.893289489746094e+02, 2.894563598632812e+02, 2.897611083984375e+02, 2.900467529296875e+02, 2.902410278320312e+02, 2.904404602050781e+02, 2.906078491210938e+02, 2.90537841796875e+02, 2.908217468261719e+02, 2.909447937011719e+02, 2.910397644042969e+02, 2.911178894042969e+02, 2.911180419921875e+02, 2.911211547851562e+02, 2.911005249023438e+02, 2.910624389648438e+02, 2.911632080078125e+02, 2.912925109863281e+02, 2.914434509277344e+02, 2.915719909667969e+02, 2.916239929199219e+02, 2.91652587890625e+02, 2.916452331542969e+02, 2.916140747070312e+02, 2.915744934082031e+02, 2.915191955566406e+02, 2.914398498535156e+02, 2.91171630859375e+02, 2.91218994140625e+02, 2.912582397460938e+02, 2.912647399902344e+02, 2.912550048828125e+02, 2.912369079589844e+02, 2.911759033203125e+02, 2.909466857910156e+02, 2.911340637207031e+02, 2.9115380859375e+02, 2.91140869140625e+02, 2.911297607421875e+02, 2.911396484375e+02, 2.911546630859375e+02, 2.911708679199219e+02, 2.911877746582031e+02, 2.912075805664062e+02, 2.912305297851562e+02, 2.912540893554688e+02, 2.912781982421875e+02, 2.913040466308594e+02, 2.913294372558594e+02, 2.913502502441406e+02, 2.913692016601562e+02, 2.914682006835938e+02, 2.917188415527344e+02, 2.919451293945312e+02, 2.918921508789062e+02, 2.921430053710938e+02, 2.922355651855469e+02, 2.9230859375e+02, 2.923861389160156e+02, 2.926461791992188e+02, 2.929154052734375e+02, 2.930876770019531e+02, 2.931768493652344e+02, 2.932052001953125e+02, 2.931704711914062e+02, 2.931292114257812e+02, 2.931127014160156e+02, 2.931436157226562e+02, 2.931947326660156e+02, 2.932328491210938e+02, 2.932476196289062e+02, 2.932454528808594e+02, 2.93247314453125e+02, 2.931567993164062e+02, 2.933235778808594e+02, 2.933419189453125e+02, 2.932942504882812e+02, 2.931632385253906e+02, 2.930738830566406e+02, 2.930821838378906e+02, 2.930867614746094e+02, 2.930742492675781e+02, 2.930674133300781e+02, 2.9305517578125e+02, 2.930155029296875e+02, 2.930549011230469e+02, 2.930659790039062e+02, 2.930558776855469e+02, 2.930433654785156e+02]
electricalGrid.PElecGen=[0e+00, 0e+00]
electricalGrid.PElecLoa=[3.82532958984375e+03, 3.826146240234375e+03, 4.18593212890625e+03, 4.6229580078125e+03, 4.39715478515625e+03, 3.51555224609375e+03, 3.463154296875e+03, 3.438323974609375e+03, 3.446498779296875e+03, 3.451360595703125e+03, 3.45307373046875e+03, 3.425033447265625e+03, 3.336207763671875e+03, 3.291246826171875e+03, 3.226241455078125e+03, 3.1693759765625e+03, 3.197504150390625e+03, 3.1309091796875e+03, 2.97119482421875e+03, 4.71289453125e+03, 3.31661328125e+03, 3.001606689453125e+03, 2.856328369140625e+03, 2.818398681640625e+03, 2.83118212890625e+03, 2.80345556640625e+03, 2.740403564453125e+03, 2.69470849609375e+03, 2.691571044921875e+03, 2.666220947265625e+03, 2.463087646484375e+03, 2.321734619140625e+03, 2.398639892578125e+03, 2.429097900390625e+03, 2.44580322265625e+03, 2.457864013671875e+03, 2.46005859375e+03, 2.470333984375e+03, 2.54564013671875e+03, 4.66569970703125e+03, 2.880201171875e+03, 2.695623291015625e+03, 2.724186279296875e+03, 2.73274072265625e+03, 2.74080615234375e+03, 3.846961669921875e+03, 4.02558203125e+03, 2.874393310546875e+03, 2.727193603515625e+03, 2.716241943359375e+03, 2.7164716796875e+03, 2.724263427734375e+03, 2.735376708984375e+03, 2.75557568359375e+03, 2.801004150390625e+03, 2.858177734375e+03, 2.900655517578125e+03, 2.9410244140625e+03, 2.98167236328125e+03, 2.998714111328125e+03, 2.968236572265625e+03, 2.942735595703125e+03, 2.92191943359375e+03, 2.9207109375e+03, 2.910650146484375e+03, 2.858029541015625e+03, 4.7373017578125e+03, 3.05476904296875e+03, 2.81187841796875e+03, 2.76784228515625e+03, 2.726026611328125e+03, 2.67344384765625e+03, 2.599026611328125e+03, 2.52729443359375e+03, 2.397328857421875e+03, 2.320510498046875e+03, 2.33784765625e+03, 2.392708251953125e+03, 2.57394091796875e+03, 2.6620283203125e+03, 2.545906494140625e+03, 2.49323486328125e+03, 2.436701171875e+03, 2.41201904296875e+03, 2.55723193359375e+03, 3.935120361328125e+03, 3.04878857421875e+03, 3.040007080078125e+03, 3.041278076171875e+03, 3.0795380859375e+03, 3.17269384765625e+03, 3.2565830078125e+03, 3.35141064453125e+03, 3.50522119140625e+03, 3.57186279296875e+03, 4.95726953125e+03, 3.915113037109375e+03, 3.7488251953125e+03, 3.796665771484375e+03, 3.873137939453125e+03, 3.959239990234375e+03]
