last-generated=2024-09-02
statistics-initialization=
{
  "nonlinear": "5, 7, 1, 3, 1",
  "numerical Jacobians": "0"
}
statistics-simulation=
{
  "linear": "0, 0, 0, 0, 0, 0, 0, 0, 0, 0, 0, 0, 0, 0, 0, 0, 0, 0, 0, 0, 0, 0, 0, 0, 0, 0, 0,   0, 0, 0, 0, 0, 0, 0, 0, 0, 0, 0, 0, 0, 0, 0, 0",
  "nonlinear": "1, 1, 6, 1, 1, 1, 1, 1, 0, 1, 0, 1, 0, 1, 1",
  "number of continuous time states": "100",
  "numerical Jacobians": "0"
}
time=[0e+00, 1.728e+05]
weaDat.weaBus.TDryBul=[2.713500061035156e+02, 2.714423522949219e+02, 2.713688049316406e+02, 2.711300048828125e+02, 2.708900146484375e+02, 2.706499938964844e+02, 2.704100036621094e+02, 2.701031188964844e+02, 2.696802062988281e+02, 2.693132629394531e+02, 2.689815979003906e+02, 2.687498474121094e+02, 2.687302856445312e+02, 2.684281311035156e+02, 2.677860412597656e+02, 2.674700012207031e+02, 2.672780151367188e+02, 2.670859985351562e+02, 2.668940124511719e+02, 2.667543640136719e+02, 2.674586791992188e+02, 2.682342834472656e+02, 2.686448669433594e+02, 2.692129211425781e+02, 2.700237121582031e+02, 2.708500061035156e+02, 2.716349792480469e+02, 2.723893127441406e+02, 2.729895324707031e+02, 2.733184814453125e+02, 2.734673461914062e+02, 2.735424194335938e+02, 2.735648498535156e+02, 2.73562255859375e+02, 2.734952392578125e+02, 2.733829650878906e+02, 2.733241271972656e+02, 2.733239440917969e+02, 2.734044799804688e+02, 2.735684204101562e+02, 2.736940002441406e+02, 2.737637023925781e+02, 2.737111511230469e+02, 2.734936828613281e+02, 2.733190002441406e+02, 2.73205322265625e+02, 2.731450805664062e+02, 2.731335754394531e+02, 2.7315283203125e+02, 2.732023315429688e+02, 2.7325e+02, 2.732466735839844e+02, 2.732464294433594e+02, 2.733169860839844e+02, 2.734288940429688e+02, 2.735700073242188e+02, 2.737182312011719e+02, 2.738376770019531e+02, 2.739303588867188e+02, 2.739819946289062e+02, 2.740299987792969e+02, 2.740780029296875e+02, 2.741260070800781e+02, 2.741852416992188e+02, 2.742919921875e+02, 2.743815307617188e+02, 2.744320983886719e+02, 2.744386291503906e+02, 2.742976684570312e+02, 2.742652587890625e+02, 2.743667907714844e+02, 2.744607849121094e+02, 2.74489013671875e+02, 2.745615539550781e+02, 2.748076477050781e+02, 2.751499938964844e+02, 2.755416259765625e+02, 2.759237670898438e+02, 2.761777038574219e+02, 2.763310241699219e+02, 2.764301147460938e+02, 2.764605407714844e+02, 2.7639404296875e+02, 2.762903747558594e+02, 2.7616455078125e+02, 2.760198059082031e+02, 2.758236999511719e+02, 2.755619812011719e+02, 2.753553771972656e+02, 2.751993103027344e+02, 2.751300048828125e+02, 2.750820007324219e+02, 2.750339965820312e+02, 2.749859924316406e+02, 2.749522399902344e+02, 2.751499938964844e+02, 2.753774108886719e+02, 2.755320129394531e+02, 2.756587219238281e+02, 2.756750183105469e+02, 2.755499877929688e+02]
hydraulic.generation.sigBusGen.TGenOutMea=[2.931499938964844e+02, 3.009140319824219e+02, 3.16260986328125e+02, 3.161566162109375e+02, 3.170010375976562e+02, 3.173376159667969e+02, 3.175872802734375e+02, 3.177565002441406e+02, 3.178508605957031e+02, 3.1789892578125e+02, 3.179121704101562e+02, 3.179057922363281e+02, 3.179104309082031e+02, 3.179000854492188e+02, 3.240648803710938e+02, 3.193486633300781e+02, 3.190718383789062e+02, 3.249246826171875e+02, 3.200587158203125e+02, 3.196944580078125e+02, 3.19550048828125e+02, 3.195683898925781e+02, 3.196685485839844e+02, 3.19811767578125e+02, 3.199805603027344e+02, 3.202012329101562e+02, 3.200487670898438e+02, 3.193597717285156e+02, 3.186784973144531e+02, 3.372159118652344e+02, 3.177638854980469e+02, 3.181494445800781e+02, 3.181518249511719e+02, 3.18084228515625e+02, 3.180854187011719e+02, 3.1816845703125e+02, 3.182399291992188e+02, 3.182572937011719e+02, 3.181968383789062e+02, 3.180455932617188e+02, 3.179024963378906e+02, 3.178204956054688e+02, 3.178440551757812e+02, 3.180260925292969e+02, 3.182225646972656e+02, 3.183562927246094e+02, 3.169385681152344e+02, 3.1794775390625e+02, 3.185041809082031e+02, 3.185145874023438e+02, 3.184026184082031e+02, 3.183428039550781e+02, 3.183260192871094e+02, 3.182716064453125e+02, 3.181723022460938e+02, 3.180374450683594e+02, 3.178875732421875e+02, 3.177618103027344e+02, 3.176647338867188e+02, 3.176085815429688e+02, 3.17564453125e+02, 3.175207214355469e+02, 3.174754333496094e+02, 3.174234313964844e+02, 3.173351745605469e+02, 3.172437438964844e+02, 3.171808776855469e+02, 3.171620788574219e+02, 3.172723693847656e+02, 3.17341796875e+02, 3.172743530273438e+02, 3.171737060546875e+02, 3.171252746582031e+02, 3.170604248046875e+02, 3.168506774902344e+02, 3.16524169921875e+02, 3.161410522460938e+02, 3.369860229492188e+02, 3.154273681640625e+02, 3.154447631835938e+02, 3.153102722167969e+02, 3.152216186523438e+02, 3.152493591308594e+02, 3.153431091308594e+02, 3.154684143066406e+02, 3.156117248535156e+02, 3.157953796386719e+02, 3.160435791015625e+02, 3.162588195800781e+02, 3.164168395996094e+02, 3.164967651367188e+02, 3.165450744628906e+02, 3.165876770019531e+02, 3.166305541992188e+02, 3.166663513183594e+02, 3.165169982910156e+02, 3.158820190429688e+02, 3.162284240722656e+02, 3.161161804199219e+02, 3.160050048828125e+02, 3.160611572265625e+02]
outputs.building.TZone[1]=[2.931499938964844e+02, 2.863721313476562e+02, 2.879945373535156e+02, 2.894874267578125e+02, 2.894030456542969e+02, 2.894102783203125e+02, 2.894178161621094e+02, 2.894053344726562e+02, 2.894096374511719e+02, 2.894234313964844e+02, 2.894357299804688e+02, 2.894525756835938e+02, 2.894956665039062e+02, 2.896098327636719e+02, 2.898636474609375e+02, 2.904363403320312e+02, 2.905436096191406e+02, 2.906849365234375e+02, 2.911435852050781e+02, 2.912456359863281e+02, 2.913872375488281e+02, 2.916410217285156e+02, 2.918732299804688e+02, 2.919716491699219e+02, 2.919644165039062e+02, 2.920584716796875e+02, 2.921044006347656e+02, 2.920389099121094e+02, 2.920394287109375e+02, 2.920212707519531e+02, 2.919393920898438e+02, 2.921554565429688e+02, 2.922674865722656e+02, 2.92300048828125e+02, 2.922837524414062e+02, 2.922637939453125e+02, 2.922485961914062e+02, 2.922210083007812e+02, 2.921674194335938e+02, 2.920648803710938e+02, 2.919838562011719e+02, 2.919924011230469e+02, 2.920013122558594e+02, 2.920037841796875e+02, 2.920240783691406e+02, 2.9201611328125e+02, 2.917086486816406e+02, 2.918290100097656e+02, 2.919998168945312e+02, 2.9208154296875e+02, 2.920927734375e+02, 2.921023254394531e+02, 2.92121337890625e+02, 2.921471862792969e+02, 2.92168701171875e+02, 2.921841735839844e+02, 2.921940002441406e+02, 2.922010803222656e+02, 2.922102355957031e+02, 2.92222900390625e+02, 2.922409057617188e+02, 2.922606506347656e+02, 2.922802734375e+02, 2.923720397949219e+02, 2.925838928222656e+02, 2.9275634765625e+02, 2.928393859863281e+02, 2.929136657714844e+02, 2.929644165039062e+02, 2.930953674316406e+02, 2.932256469726562e+02, 2.933173522949219e+02, 2.933891296386719e+02, 2.933928527832031e+02, 2.933591003417969e+02, 2.933345031738281e+02, 2.932832946777344e+02, 2.931935119628906e+02, 2.930874938964844e+02, 2.93151611328125e+02, 2.932003173828125e+02, 2.932253723144531e+02, 2.93236083984375e+02, 2.93255615234375e+02, 2.932864990234375e+02, 2.933248901367188e+02, 2.933528442382812e+02, 2.933713989257812e+02, 2.933538513183594e+02, 2.932642517089844e+02, 2.932059326171875e+02, 2.932254638671875e+02, 2.932339172363281e+02, 2.932213439941406e+02, 2.932095336914062e+02, 2.93201171875e+02, 2.930211791992188e+02, 2.93111328125e+02, 2.931586608886719e+02, 2.931361083984375e+02, 2.931122741699219e+02]
electricalGrid.PElecGen=[0e+00, 0e+00]
electricalGrid.PElecLoa=[4.60110400390625e+03, 4.61448876953125e+03, 2.273285546875e+04, 5.29536181640625e+03, 5.36977294921875e+03, 5.3997353515625e+03, 5.4206142578125e+03, 5.431748046875e+03, 5.43280078125e+03, 5.4302001953125e+03, 5.4247412109375e+03, 5.41936328125e+03, 5.4194443359375e+03, 5.41218408203125e+03, 2.1202525390625e+04, 5.53617578125e+03, 5.5042294921875e+03, 2.112237890625e+04, 5.5949482421875e+03, 5.5547470703125e+03, 5.556974609375e+03, 5.5773251953125e+03, 5.5967392578125e+03, 5.624134765625e+03, 5.659591796875e+03, 5.701044921875e+03, 5.06017041015625e+03, 4.28889013671875e+03, 3.978102783203125e+03, 7.70870849609375e+03, 5.500091796875e+03, 4.8182060546875e+03, 4.33816015625e+03, 4.16718359375e+03, 4.201218750000001e+03, 4.30726123046875e+03, 4.3371171875e+03, 4.30432958984375e+03, 4.2127568359375e+03, 4.086643798828125e+03, 4.048562255859375e+03, 4.0533642578125e+03, 4.1514755859375e+03, 4.36866162109375e+03, 4.47672607421875e+03, 4.4941279296875e+03, 5.40720166015625e+03, 5.5141142578125e+03, 5.08012890625e+03, 4.5137294921875e+03, 4.2893828125e+03, 4.27467626953125e+03, 4.29318115234375e+03, 4.23538916015625e+03, 4.14452587890625e+03, 4.050989257812499e+03, 3.98084423828125e+03, 3.94473486328125e+03, 3.92654345703125e+03, 3.93007275390625e+03, 3.920875244140625e+03, 3.902103515625e+03, 3.88013525390625e+03, 3.844657958984375e+03, 3.749757080078125e+03, 3.675681884765625e+03, 3.65279638671875e+03, 3.661744384765625e+03, 3.77478466796875e+03, 3.751013183593751e+03, 3.606855224609376e+03, 3.5124580078125e+03, 3.49756640625e+03, 3.454836669921875e+03, 3.30184619140625e+03, 3.13969189453125e+03, 2.99166845703125e+03, 7.76582861328125e+03, 3.649015380859375e+03, 3.15123681640625e+03, 2.937426025390625e+03, 2.90116748046875e+03, 2.96097119140625e+03, 3.023766357421875e+03, 3.0736748046875e+03, 3.116853271484375e+03, 3.18228076171875e+03, 3.276864013671875e+03, 3.318883056640625e+03, 3.347828857421875e+03, 3.333760009765625e+03, 3.3161669921875e+03, 3.31503173828125e+03, 3.324297607421875e+03, 3.32670751953125e+03, 3.18142333984375e+03, 4.39614599609375e+03, 3.58851220703125e+03, 3.148874755859375e+03, 3.07705810546875e+03, 3.179161376953125e+03]
