last-generated=2024-07-16
statistics-initialization=
{
  "linear": "0",
  "nonlinear": "5, 7, 1, 1",
  "numerical Jacobians": "0"
}
statistics-simulation=
{
  "linear": "0, 0, 0, 0, 0, 0, 0, 0",
  "nonlinear": "6, 1, 0, 1, 0, 1, 0, 1, 1, 1",
  "number of continuous time states": "52",
  "numerical Jacobians": "0"
}
time=[0e+00, 1.728e+05]
weaDat.weaBus.TDryBul=[2.711499938964844e+02, 2.711964111328125e+02, 2.711585388183594e+02, 2.710329895019531e+02, 2.708773498535156e+02, 2.706598205566406e+02, 2.704615478515625e+02, 2.704500122070312e+02, 2.704500122070312e+02, 2.704500122070312e+02, 2.704500122070312e+02, 2.704904479980469e+02, 2.706648559570312e+02, 2.708219909667969e+02, 2.709660034179688e+02, 2.710835876464844e+02, 2.710487060546875e+02, 2.710967712402344e+02, 2.713839721679688e+02, 2.715577392578125e+02, 2.713986511230469e+02, 2.713771667480469e+02, 2.716394348144531e+02, 2.718602600097656e+02, 2.719464111328125e+02, 2.720499877929688e+02, 2.722364196777344e+02, 2.724353637695312e+02, 2.725456237792969e+02, 2.726259155273438e+02, 2.730393371582031e+02, 2.736041564941406e+02, 2.736746826171875e+02, 2.736636657714844e+02, 2.736180114746094e+02, 2.735700073242188e+02, 2.735389404296875e+02, 2.735155944824219e+02, 2.7335400390625e+02, 2.731619873046875e+02, 2.729700012207031e+02, 2.727780151367188e+02, 2.72593994140625e+02, 2.724955749511719e+02, 2.724342651367188e+02, 2.723796081542969e+02, 2.723463134765625e+02, 2.723376770019531e+02, 2.723522033691406e+02, 2.724003295898438e+02, 2.724500122070312e+02, 2.724666442871094e+02, 2.724525451660156e+02, 2.724020690917969e+02, 2.722803344726562e+02, 2.720899963378906e+02, 2.718980102539062e+02, 2.717059936523438e+02, 2.715140075683594e+02, 2.713631591796875e+02, 2.713411865234375e+02, 2.713729858398438e+02, 2.714293518066406e+02, 2.714556884765625e+02, 2.714446716308594e+02, 2.714856872558594e+02, 2.716668701171875e+02, 2.717514038085938e+02, 2.716672058105469e+02, 2.716678771972656e+02, 2.71758056640625e+02, 2.718697814941406e+02, 2.7200390625e+02, 2.721656494140625e+02, 2.724968872070312e+02, 2.728500061035156e+02, 2.729950561523438e+02, 2.729598999023438e+02, 2.725846862792969e+02, 2.721623229980469e+02, 2.721732788085938e+02, 2.722332153320312e+02, 2.723517456054688e+02, 2.724693908691406e+02, 2.722129516601562e+02, 2.715361633300781e+02, 2.708384399414062e+02, 2.701152648925781e+02, 2.6966552734375e+02, 2.693913269042969e+02, 2.691483459472656e+02, 2.68912841796875e+02, 2.686530456542969e+02, 2.682867126464844e+02, 2.680051879882812e+02, 2.680009765625e+02, 2.679133911132812e+02, 2.676651611328125e+02, 2.674332275390625e+02, 2.672374267578125e+02, 2.670499877929688e+02]
hydraulic.generation.sigBusGen.TGenOutMea=[2.931499938964844e+02, 3.215209350585938e+02, 3.219566650390625e+02, 3.221395263671875e+02, 3.223133850097656e+02, 3.225346374511719e+02, 3.227501525878906e+02, 3.227833251953125e+02, 3.227899780273438e+02, 3.22792724609375e+02, 3.227936401367188e+02, 3.227616577148438e+02, 3.225936584472656e+02, 3.224303588867188e+02, 3.222870788574219e+02, 3.221586303710938e+02, 3.221750183105469e+02, 3.221384887695312e+02, 3.218601989746094e+02, 3.216575012207031e+02, 3.217870788574219e+02, 3.218323974609375e+02, 3.215806274414062e+02, 3.126960144042969e+02, 2.964165954589844e+02, 2.916865844726562e+02, 2.899447326660156e+02, 2.891441955566406e+02, 3.2014599609375e+02, 3.204700317382812e+02, 3.201241760253906e+02, 3.195367126464844e+02, 3.194236755371094e+02, 3.19423095703125e+02, 3.194651794433594e+02, 3.195135803222656e+02, 3.014866638183594e+02, 2.933465270996094e+02, 2.90645263671875e+02, 2.894618225097656e+02, 3.135982360839844e+02, 3.202246704101562e+02, 3.2050146484375e+02, 3.20630615234375e+02, 3.207018432617188e+02, 3.207602844238281e+02, 3.207975463867188e+02, 3.208114318847656e+02, 3.207996826171875e+02, 3.207524719238281e+02, 3.206996459960938e+02, 3.206794738769531e+02, 3.206910400390625e+02, 3.207395629882812e+02, 3.208587341308594e+02, 3.210523681640625e+02, 3.212527160644531e+02, 3.214536437988281e+02, 3.216529846191406e+02, 3.218188781738281e+02, 3.218563842773438e+02, 3.218304748535156e+02, 3.217745666503906e+02, 3.21745849609375e+02, 3.217612915039062e+02, 3.217268371582031e+02, 3.215444641113281e+02, 3.214408264160156e+02, 3.215132751464844e+02, 3.215235595703125e+02, 3.214359130859375e+02, 3.213305053710938e+02, 3.123688049316406e+02, 2.97146240234375e+02, 2.928778686523438e+02, 2.913197021484375e+02, 2.906116943359375e+02, 3.199238891601562e+02, 3.204761962890625e+02, 3.209530029296875e+02, 3.209825134277344e+02, 3.209297485351562e+02, 3.208149108886719e+02, 3.206853637695312e+02, 3.209090576171875e+02, 3.021622619628906e+02, 2.94336181640625e+02, 2.9171484375e+02, 2.905901794433594e+02, 3.139735412597656e+02, 3.238264770507812e+02, 3.243094482421875e+02, 3.246211547851562e+02, 3.2499951171875e+02, 3.253717346191406e+02, 3.253740539550781e+02, 3.254739990234375e+02, 3.257739562988281e+02, 3.260267333984375e+02, 3.262257690429688e+02, 3.264138488769531e+02]
outputs.building.TZone[1]=[2.931499938964844e+02, 2.897055053710938e+02, 2.897633972167969e+02, 2.896979370117188e+02, 2.896317138671875e+02, 2.895609436035156e+02, 2.894921569824219e+02, 2.8943701171875e+02, 2.894346923828125e+02, 2.894500122070312e+02, 2.894677734375e+02, 2.894903259277344e+02, 2.895219421386719e+02, 2.896506042480469e+02, 2.899574279785156e+02, 2.902443237304688e+02, 2.904428100585938e+02, 2.906423950195312e+02, 2.908057250976562e+02, 2.909563293457031e+02, 2.910434875488281e+02, 2.911448974609375e+02, 2.912422790527344e+02, 2.912432556152344e+02, 2.892245788574219e+02, 2.885972900390625e+02, 2.883037414550781e+02, 2.88098876953125e+02, 2.905556335449219e+02, 2.909679260253906e+02, 2.911485290527344e+02, 2.912911071777344e+02, 2.913664245605469e+02, 2.914066772460938e+02, 2.914081115722656e+02, 2.913854370117188e+02, 2.900912170410156e+02, 2.889665832519531e+02, 2.884950256347656e+02, 2.881252136230469e+02, 2.890096740722656e+02, 2.905210876464844e+02, 2.906034545898438e+02, 2.906284484863281e+02, 2.906328430175781e+02, 2.905916748046875e+02, 2.905536499023438e+02, 2.905789489746094e+02, 2.906066284179688e+02, 2.906131896972656e+02, 2.906160888671875e+02, 2.906380615234375e+02, 2.90664306640625e+02, 2.906916198730469e+02, 2.907203674316406e+02, 2.907520446777344e+02, 2.907853088378906e+02, 2.908191223144531e+02, 2.90853271484375e+02, 2.908884582519531e+02, 2.909210205078125e+02, 2.909503784179688e+02, 2.909783020019531e+02, 2.910866088867188e+02, 2.913456726074219e+02, 2.915777893066406e+02, 2.917041320800781e+02, 2.918127746582031e+02, 2.918827514648438e+02, 2.919696044921875e+02, 2.92056884765625e+02, 2.923251342773438e+02, 2.924360656738281e+02, 2.906888427734375e+02, 2.902080688476562e+02, 2.900124206542969e+02, 2.898318176269531e+02, 2.92163818359375e+02, 2.923395080566406e+02, 2.92412109375e+02, 2.924827270507812e+02, 2.925461730957031e+02, 2.925863952636719e+02, 2.926084899902344e+02, 2.92643310546875e+02, 2.912875366210938e+02, 2.901991577148438e+02, 2.897686767578125e+02, 2.894569702148438e+02, 2.903276062011719e+02, 2.919489135742188e+02, 2.920865478515625e+02, 2.921373901367188e+02, 2.921537780761719e+02, 2.921687316894531e+02, 2.921665954589844e+02, 2.921570129394531e+02, 2.921851501464844e+02, 2.922122192382812e+02, 2.92212646484375e+02, 2.9220849609375e+02]
electricalGrid.PElecGen=[0e+00, 0e+00]
electricalGrid.PElecLoa=[3.88858251953125e+03, 3.32026708984375e+03, 3.19924951171875e+03, 3.258170654296875e+03, 3.320991943359375e+03, 3.406996826171875e+03, 3.479865234375e+03, 3.49e+03, 3.49641259765625e+03, 3.498287841796875e+03, 3.499328857421875e+03, 3.479903564453125e+03, 3.415646484375e+03, 3.35867236328125e+03, 3.28016455078125e+03, 3.212979248046875e+03, 3.205820556640625e+03, 3.159728515625e+03, 3.04853759765625e+03, 2.991105712890625e+03, 3.0356552734375e+03, 3.01614697265625e+03, 2.927962158203125e+03, -4.200777038931847e-04, -4.200777038931847e-04, -4.200777038931847e-04, -4.200777038931847e-04, -4.200777038931847e-04, 2.968524414062495e+03, 2.720214599609375e+03, 2.588484375e+03, 2.45844970703125e+03, 2.44877001953125e+03, 2.447992919921875e+03, 2.45555859375e+03, 2.465292724609375e+03, -4.200777038931847e-04, -4.200777038931847e-04, -4.200777038931847e-04, -4.200777038931847e-04, 4.206453125e+03, 2.74003076171875e+03, 2.77516943359375e+03, 2.794080078125e+03, 2.80778076171875e+03, 2.823409912109375e+03, 2.833945556640625e+03, 2.833657470703125e+03, 2.8265361328125e+03, 2.812155029296875e+03, 2.799932373046875e+03, 2.795133056640625e+03, 2.797111572265625e+03, 2.808486328125e+03, 2.83907470703125e+03, 2.884921875e+03, 2.93019970703125e+03, 2.976426025390625e+03, 3.028568115234375e+03, 3.065638671875e+03, 3.064348876953125e+03, 3.05004150390625e+03, 3.02964892578125e+03, 3.01544091796875e+03, 2.992069580078125e+03, 2.951171875e+03, 2.888396484375e+03, 2.862335693359375e+03, 2.878541748046875e+03, 2.86265478515625e+03, 2.828265869140625e+03, 2.771653564453125e+03, -4.200777038931847e-04, -4.200777038931847e-04, -4.200777038931847e-04, -4.200777038931847e-04, -4.200777038931847e-04, 2.595181396484375e+03, 2.607219482421875e+03, 2.693128173828125e+03, 2.673552734375e+03, 2.65219189453125e+03, 2.61532568359375e+03, 2.5885791015625e+03, 2.6651435546875e+03, -4.200777038931847e-04, -4.200777038931847e-04, -4.200777038931847e-04, -4.200777038931847e-04, 4.062532470703125e+03, 3.685321533203125e+03, 3.73023779296875e+03, 3.836264404296875e+03, 3.995215576171875e+03, 4.21324169921875e+03, 4.18617578125e+03, 4.30858349609375e+03, 4.5809375e+03, 4.822169921875e+03, 5.03256787109375e+03, 5.2502861328125e+03]
