last-generated=2024-07-16
statistics-initialization=
{
  "linear": "0",
  "nonlinear": "0, 0, 5, 7, 4, 1, 1",
  "numerical Jacobians": "0"
}
statistics-simulation=
{
  "linear": "0, 0, 0, 0, 0, 0, 0, 0, 0",
  "nonlinear": "3, 6, 1, 0, 1, 0, 1, 0, 1, 1, 1",
  "number of continuous time states": "78",
  "numerical Jacobians": "0"
}
time=[0e+00, 1.728e+05]
weaDat.weaBus.TDryBul=[2.711499938964844e+02, 2.711964111328125e+02, 2.711585388183594e+02, 2.710329895019531e+02, 2.708773498535156e+02, 2.706598205566406e+02, 2.704615478515625e+02, 2.704500122070312e+02, 2.704500122070312e+02, 2.704500122070312e+02, 2.704500122070312e+02, 2.704904479980469e+02, 2.706648559570312e+02, 2.708219909667969e+02, 2.709660034179688e+02, 2.710835876464844e+02, 2.710487060546875e+02, 2.710967712402344e+02, 2.713839721679688e+02, 2.715577392578125e+02, 2.713986511230469e+02, 2.713771667480469e+02, 2.716394348144531e+02, 2.718602600097656e+02, 2.719464111328125e+02, 2.720499877929688e+02, 2.722364196777344e+02, 2.724353637695312e+02, 2.725456237792969e+02, 2.726259155273438e+02, 2.730393371582031e+02, 2.736041564941406e+02, 2.736746826171875e+02, 2.736636657714844e+02, 2.736180114746094e+02, 2.735700073242188e+02, 2.735389404296875e+02, 2.735155944824219e+02, 2.7335400390625e+02, 2.731619873046875e+02, 2.729700012207031e+02, 2.727780151367188e+02, 2.72593994140625e+02, 2.724955749511719e+02, 2.724342651367188e+02, 2.723796081542969e+02, 2.723463134765625e+02, 2.723376770019531e+02, 2.723522033691406e+02, 2.724003295898438e+02, 2.724500122070312e+02, 2.724666442871094e+02, 2.724525451660156e+02, 2.724020690917969e+02, 2.722803344726562e+02, 2.720899963378906e+02, 2.718980102539062e+02, 2.717059936523438e+02, 2.715140075683594e+02, 2.713631591796875e+02, 2.713411865234375e+02, 2.713729858398438e+02, 2.714293518066406e+02, 2.714556884765625e+02, 2.714446716308594e+02, 2.714856872558594e+02, 2.716668701171875e+02, 2.717514038085938e+02, 2.716672058105469e+02, 2.716678771972656e+02, 2.71758056640625e+02, 2.718697814941406e+02, 2.7200390625e+02, 2.721656494140625e+02, 2.724968872070312e+02, 2.728500061035156e+02, 2.729950561523438e+02, 2.729598999023438e+02, 2.725846862792969e+02, 2.721623229980469e+02, 2.721732788085938e+02, 2.722332153320312e+02, 2.723517456054688e+02, 2.724693908691406e+02, 2.722129516601562e+02, 2.715361633300781e+02, 2.708384399414062e+02, 2.701152648925781e+02, 2.6966552734375e+02, 2.693913269042969e+02, 2.691483459472656e+02, 2.68912841796875e+02, 2.686530456542969e+02, 2.682867126464844e+02, 2.680051879882812e+02, 2.680009765625e+02, 2.679133911132812e+02, 2.676651611328125e+02, 2.674332275390625e+02, 2.672374267578125e+02, 2.670499877929688e+02]
hydraulic.generation.sigBusGen.TGenOutMea=[2.931499938964844e+02, 3.090269470214844e+02, 3.168741455078125e+02, 3.217583923339844e+02, 3.2261767578125e+02, 3.226524963378906e+02, 3.227782287597656e+02, 3.227994995117188e+02, 3.227950744628906e+02, 3.227938537597656e+02, 3.227938537597656e+02, 3.22764892578125e+02, 3.226029663085938e+02, 3.224291076660156e+02, 3.222832641601562e+02, 3.221522521972656e+02, 3.221632690429688e+02, 3.221394348144531e+02, 3.218694458007812e+02, 3.271341857910156e+02, 3.219284362792969e+02, 3.22027099609375e+02, 3.216502685546875e+02, 3.213487243652344e+02, 3.212286682128906e+02, 3.211282348632812e+02, 3.209454650878906e+02, 3.207318725585938e+02, 3.206005249023438e+02, 3.205215454101562e+02, 3.201493835449219e+02, 3.195390930175781e+02, 3.193984069824219e+02, 3.194100341796875e+02, 3.194603576660156e+02, 3.195122680664062e+02, 3.195492553710938e+02, 3.19569580078125e+02, 3.197196655273438e+02, 3.199217224121094e+02, 3.200033874511719e+02, 3.205206298828125e+02, 3.205908508300781e+02, 3.206534729003906e+02, 3.207067260742188e+02, 3.203206176757812e+02, 3.207854309082031e+02, 3.210530090332031e+02, 3.208777465820312e+02, 3.207674560546875e+02, 3.206996459960938e+02, 3.206758728027344e+02, 3.206872253417969e+02, 3.207353210449219e+02, 3.208519287109375e+02, 3.210462341308594e+02, 3.212506103515625e+02, 3.214533996582031e+02, 3.216552124023438e+02, 3.218248901367188e+02, 3.218658447265625e+02, 3.218356018066406e+02, 3.217757568359375e+02, 3.217409973144531e+02, 3.217548828125e+02, 3.1937548828125e+02, 3.216398620605469e+02, 3.2161767578125e+02, 3.215545654296875e+02, 3.215345458984375e+02, 3.21441650390625e+02, 3.21328857421875e+02, 3.211919860839844e+02, 3.210220031738281e+02, 3.206989135742188e+02, 3.203132629394531e+02, 3.201253356933594e+02, 3.201403198242188e+02, 3.204861145019531e+02, 3.209623718261719e+02, 3.210075378417969e+02, 3.20942138671875e+02, 3.208234252929688e+02, 3.205458984375e+02, 3.2109619140625e+02, 3.216353149414062e+02, 3.2232275390625e+02, 3.230798950195312e+02, 3.235970153808594e+02, 3.23881103515625e+02, 3.241188354492188e+02, 3.243662719726562e+02, 3.246323547363281e+02, 3.249967956542969e+02, 3.2532080078125e+02, 3.279820251464844e+02, 3.234057922363281e+02, 3.251300354003906e+02, 3.258261413574219e+02, 3.261359252929688e+02, 3.281603088378906e+02]
outputs.building.TZone[1]=[2.931499938964844e+02, 2.882925720214844e+02, 2.889140625e+02, 2.893377380371094e+02, 2.894808044433594e+02, 2.894178771972656e+02, 2.893406372070312e+02, 2.892867736816406e+02, 2.892840270996094e+02, 2.892986145019531e+02, 2.893158569335938e+02, 2.893384704589844e+02, 2.8937255859375e+02, 2.895002746582031e+02, 2.898052368164062e+02, 2.900909118652344e+02, 2.902852478027344e+02, 2.904846801757812e+02, 2.906521301269531e+02, 2.907607116699219e+02, 2.908177795410156e+02, 2.909945678710938e+02, 2.910893859863281e+02, 2.911650390625e+02, 2.911640014648438e+02, 2.911664428710938e+02, 2.911454467773438e+02, 2.911070861816406e+02, 2.912079162597656e+02, 2.913372802734375e+02, 2.914877014160156e+02, 2.916161499023438e+02, 2.916690063476562e+02, 2.91697509765625e+02, 2.916896667480469e+02, 2.916580505371094e+02, 2.916180725097656e+02, 2.915624389648438e+02, 2.91483154296875e+02, 2.913641357421875e+02, 2.911656188964844e+02, 2.9130126953125e+02, 2.913143920898438e+02, 2.913010559082031e+02, 2.912815246582031e+02, 2.91219970703125e+02, 2.910363159179688e+02, 2.911883544921875e+02, 2.911993103027344e+02, 2.911863403320312e+02, 2.911755981445312e+02, 2.911855163574219e+02, 2.912003784179688e+02, 2.912164611816406e+02, 2.912332153320312e+02, 2.912528686523438e+02, 2.912756958007812e+02, 2.912992248535156e+02, 2.913233337402344e+02, 2.913491821289062e+02, 2.913746948242188e+02, 2.913956909179688e+02, 2.914147644042969e+02, 2.915138549804688e+02, 2.917645263671875e+02, 2.919907836914062e+02, 2.920345764160156e+02, 2.922256469726562e+02, 2.922777099609375e+02, 2.923522644042969e+02, 2.924324340820312e+02, 2.926934814453125e+02, 2.929622192382812e+02, 2.931340942382812e+02, 2.932172546386719e+02, 2.932418823242188e+02, 2.932037048339844e+02, 2.931593322753906e+02, 2.931402893066406e+02, 2.931679992675781e+02, 2.932147827148438e+02, 2.932492065429688e+02, 2.932603454589844e+02, 2.931556396484375e+02, 2.932702026367188e+02, 2.932925720214844e+02, 2.93310546875e+02, 2.933189697265625e+02, 2.932745666503906e+02, 2.931462707519531e+02, 2.930601196289062e+02, 2.930699462890625e+02, 2.930755004882812e+02, 2.930638427734375e+02, 2.930580444335938e+02, 2.930455932617188e+02, 2.928291015625e+02, 2.929667358398438e+02, 2.930530395507812e+02, 2.930663146972656e+02, 2.930515747070312e+02]
electricalGrid.PElecGen=[0e+00, 0e+00]
electricalGrid.PElecLoa=[4.20362353515625e+03, 4.471041015625e+03, 4.86562841796875e+03, 5.1317470703125e+03, 3.667279296875e+03, 3.554658447265625e+03, 3.632924072265625e+03, 3.6127666015625e+03, 3.613468017578125e+03, 3.615587646484375e+03, 3.616844970703125e+03, 3.58901171875e+03, 3.492972412109375e+03, 3.436895751953125e+03, 3.36457861328125e+03, 3.305791748046875e+03, 3.32874951171875e+03, 3.27432861328125e+03, 3.12395068359375e+03, 5.4373369140625e+03, 3.805538818359375e+03, 3.182048583984375e+03, 2.993998779296875e+03, 2.94567822265625e+03, 2.953678955078125e+03, 2.923690673828125e+03, 2.855977783203125e+03, 2.805833251953125e+03, 2.79747314453125e+03, 2.774239013671875e+03, 2.604396240234375e+03, 2.461748291015625e+03, 2.52597412109375e+03, 2.5478330078125e+03, 2.56235595703125e+03, 2.573872802734375e+03, 2.57721630859375e+03, 2.586061279296875e+03, 2.649521240234375e+03, 2.703458740234375e+03, 3.604539306640625e+03, 2.86026318359375e+03, 2.81474072265625e+03, 2.82616064453125e+03, 2.840591552734375e+03, 5.049435546875e+03, 3.841983642578125e+03, 2.932056884765625e+03, 2.83252197265625e+03, 2.8241318359375e+03, 2.820719482421875e+03, 2.82558740234375e+03, 2.8360517578125e+03, 2.856962158203125e+03, 2.904754638671875e+03, 2.968353515625e+03, 3.0190986328125e+03, 3.068036376953125e+03, 3.117348876953125e+03, 3.143349853515625e+03, 3.117110595703125e+03, 3.091552734375e+03, 3.068456298828125e+03, 3.06474609375e+03, 3.054982421875e+03, 5.028126953125e+03, 3.54568212890625e+03, 2.932972412109375e+03, 2.932362548828125e+03, 2.915700439453125e+03, 2.867859619140625e+03, 2.812515869140625e+03, 2.748689453125e+03, 2.68734375e+03, 2.561978515625e+03, 2.474649169921875e+03, 2.481083984375e+03, 2.5291884765625e+03, 2.684477294921875e+03, 2.76701611328125e+03, 2.67824658203125e+03, 2.63465771484375e+03, 2.581457763671875e+03, 3.45539599609375e+03, 2.739420654296875e+03, 2.867494384765625e+03, 3.035377685546875e+03, 3.197257568359375e+03, 3.21815087890625e+03, 3.26798291015625e+03, 3.372122802734375e+03, 3.468582763671875e+03, 3.5788359375e+03, 3.756390380859375e+03, 3.853046875e+03, 4.9795185546875e+03, 3.89054052734375e+03, 4.4003681640625e+03, 4.41379443359375e+03, 4.4021318359375e+03, 1.6460078125e+03]
