last-generated=2024-07-16
statistics-initialization=
{
  "linear": "0",
  "nonlinear": "0, 0, 5, 7, 2, 0, 0, 1, 1",
  "numerical Jacobians": "0"
}
statistics-simulation=
{
  "linear": "0, 0, 0, 0, 0, 0, 0, 0, 0",
  "nonlinear": "2, 6, 1, 0, 1, 0, 1, 0, 1, 1, 1",
  "number of continuous time states": "77",
  "numerical Jacobians": "0"
}
time=[0e+00, 1.728e+05]
weaDat.weaBus.TDryBul=[2.711499938964844e+02, 2.711964111328125e+02, 2.711585388183594e+02, 2.710329895019531e+02, 2.708773498535156e+02, 2.706598205566406e+02, 2.704615478515625e+02, 2.704500122070312e+02, 2.704500122070312e+02, 2.704500122070312e+02, 2.704500122070312e+02, 2.704904479980469e+02, 2.706648559570312e+02, 2.708219909667969e+02, 2.709660034179688e+02, 2.710835876464844e+02, 2.710487060546875e+02, 2.710967712402344e+02, 2.713839721679688e+02, 2.715577392578125e+02, 2.713986511230469e+02, 2.713771667480469e+02, 2.716394348144531e+02, 2.718602600097656e+02, 2.719464111328125e+02, 2.720499877929688e+02, 2.722364196777344e+02, 2.724353637695312e+02, 2.725456237792969e+02, 2.726259155273438e+02, 2.730393371582031e+02, 2.736041564941406e+02, 2.736746826171875e+02, 2.736636657714844e+02, 2.736180114746094e+02, 2.735700073242188e+02, 2.735389404296875e+02, 2.735155944824219e+02, 2.7335400390625e+02, 2.731619873046875e+02, 2.729700012207031e+02, 2.727780151367188e+02, 2.72593994140625e+02, 2.724955749511719e+02, 2.724342651367188e+02, 2.723796081542969e+02, 2.723463134765625e+02, 2.723376770019531e+02, 2.723522033691406e+02, 2.724003295898438e+02, 2.724500122070312e+02, 2.724666442871094e+02, 2.724525451660156e+02, 2.724020690917969e+02, 2.722803344726562e+02, 2.720899963378906e+02, 2.718980102539062e+02, 2.717059936523438e+02, 2.715140075683594e+02, 2.713631591796875e+02, 2.713411865234375e+02, 2.713729858398438e+02, 2.714293518066406e+02, 2.714556884765625e+02, 2.714446716308594e+02, 2.714856872558594e+02, 2.716668701171875e+02, 2.717514038085938e+02, 2.716672058105469e+02, 2.716678771972656e+02, 2.71758056640625e+02, 2.718697814941406e+02, 2.7200390625e+02, 2.721656494140625e+02, 2.724968872070312e+02, 2.728500061035156e+02, 2.729950561523438e+02, 2.729598999023438e+02, 2.725846862792969e+02, 2.721623229980469e+02, 2.721732788085938e+02, 2.722332153320312e+02, 2.723517456054688e+02, 2.724693908691406e+02, 2.722129516601562e+02, 2.715361633300781e+02, 2.708384399414062e+02, 2.701152648925781e+02, 2.6966552734375e+02, 2.693913269042969e+02, 2.691483459472656e+02, 2.68912841796875e+02, 2.686530456542969e+02, 2.682867126464844e+02, 2.680051879882812e+02, 2.680009765625e+02, 2.679133911132812e+02, 2.676651611328125e+02, 2.674332275390625e+02, 2.672374267578125e+02, 2.670499877929688e+02]
hydraulic.generation.sigBusGen.TGenOutMea=[2.931499938964844e+02, 3.090508728027344e+02, 3.168974304199219e+02, 3.218009338378906e+02, 3.226180114746094e+02, 3.226542663574219e+02, 3.227795715332031e+02, 3.227996520996094e+02, 3.227951354980469e+02, 3.227938537597656e+02, 3.227938232421875e+02, 3.227648620605469e+02, 3.226026611328125e+02, 3.224290466308594e+02, 3.22282958984375e+02, 3.221512451171875e+02, 3.221631469726562e+02, 3.221392822265625e+02, 3.218690185546875e+02, 3.205345153808594e+02, 3.220065002441406e+02, 3.219710083007812e+02, 3.216293640136719e+02, 3.213449401855469e+02, 3.212284851074219e+02, 3.211282348632812e+02, 3.209452819824219e+02, 3.207310791015625e+02, 3.206003112792969e+02, 3.205214233398438e+02, 3.201488952636719e+02, 3.195387878417969e+02, 3.193987121582031e+02, 3.19409912109375e+02, 3.194602355957031e+02, 3.1951220703125e+02, 3.195492553710938e+02, 3.195695495605469e+02, 3.197198181152344e+02, 3.193108215332031e+02, 3.203279724121094e+02, 3.2042041015625e+02, 3.205465698242188e+02, 3.20644287109375e+02, 3.207062377929688e+02, 3.178678588867188e+02, 3.207847595214844e+02, 3.210452270507812e+02, 3.208774719238281e+02, 3.20767578125e+02, 3.206996154785156e+02, 3.206760559082031e+02, 3.206878051757812e+02, 3.207355346679688e+02, 3.208520202636719e+02, 3.210463256835938e+02, 3.212506408691406e+02, 3.214534606933594e+02, 3.216553039550781e+02, 3.21824951171875e+02, 3.218657836914062e+02, 3.218356323242188e+02, 3.217757568359375e+02, 3.217410278320312e+02, 3.217547912597656e+02, 3.193630981445312e+02, 3.216272277832031e+02, 3.216119689941406e+02, 3.215552673339844e+02, 3.215349731445312e+02, 3.21441650390625e+02, 3.213280029296875e+02, 3.211915283203125e+02, 3.210218505859375e+02, 3.206973876953125e+02, 3.203120727539062e+02, 3.201247863769531e+02, 3.201398620605469e+02, 3.204859008789062e+02, 3.209616088867188e+02, 3.210061950683594e+02, 3.209412841796875e+02, 3.208226623535156e+02, 3.205408325195312e+02, 3.2108740234375e+02, 3.216339721679688e+02, 3.223217468261719e+02, 3.230791625976562e+02, 3.235968933105469e+02, 3.238829956054688e+02, 3.241204528808594e+02, 3.243670959472656e+02, 3.246331176757812e+02, 3.249978942871094e+02, 3.253218078613281e+02, 3.302505798339844e+02, 3.254320373535156e+02, 3.2572900390625e+02, 3.259380798339844e+02, 3.261297912597656e+02, 3.263216552734375e+02]
outputs.building.TZone[1]=[2.931499938964844e+02, 2.882765197753906e+02, 2.888967895507812e+02, 2.893229370117188e+02, 2.894674682617188e+02, 2.8940576171875e+02, 2.893282775878906e+02, 2.892740478515625e+02, 2.892709655761719e+02, 2.8928515625e+02, 2.89302001953125e+02, 2.893242797851562e+02, 2.893581848144531e+02, 2.894856567382812e+02, 2.897902526855469e+02, 2.900755310058594e+02, 2.902693786621094e+02, 2.904683837890625e+02, 2.906358032226562e+02, 2.905771179199219e+02, 2.908416442871094e+02, 2.90974365234375e+02, 2.910688781738281e+02, 2.911464233398438e+02, 2.911459655761719e+02, 2.911483154296875e+02, 2.911272583007812e+02, 2.910887756347656e+02, 2.911893310546875e+02, 2.913182983398438e+02, 2.9146875e+02, 2.915975646972656e+02, 2.9164990234375e+02, 2.916778869628906e+02, 2.916697387695312e+02, 2.916380004882812e+02, 2.91597900390625e+02, 2.915421752929688e+02, 2.914626159667969e+02, 2.912135620117188e+02, 2.912495422363281e+02, 2.912802429199219e+02, 2.912862854003906e+02, 2.912767639160156e+02, 2.912586364746094e+02, 2.91197265625e+02, 2.910092163085938e+02, 2.911621704101562e+02, 2.911753234863281e+02, 2.911625671386719e+02, 2.911516418457031e+02, 2.911613464355469e+02, 2.91176025390625e+02, 2.911918640136719e+02, 2.912083129882812e+02, 2.912275695800781e+02, 2.912500915527344e+02, 2.912733764648438e+02, 2.912972106933594e+02, 2.913227844238281e+02, 2.913482360839844e+02, 2.913691711425781e+02, 2.913881530761719e+02, 2.91487060546875e+02, 2.917374267578125e+02, 2.919635009765625e+02, 2.920018005371094e+02, 2.921956481933594e+02, 2.922493286132812e+02, 2.923238525390625e+02, 2.924040222167969e+02, 2.926649169921875e+02, 2.929338684082031e+02, 2.931059265136719e+02, 2.931929626464844e+02, 2.932201843261719e+02, 2.931842041015625e+02, 2.931413879394531e+02, 2.931234436035156e+02, 2.931525268554688e+02, 2.932017517089844e+02, 2.932388305664062e+02, 2.932525329589844e+02, 2.931435241699219e+02, 2.932637329101562e+02, 2.932911682128906e+02, 2.933125305175781e+02, 2.933241577148438e+02, 2.932826843261719e+02, 2.931548461914062e+02, 2.930671691894531e+02, 2.93075927734375e+02, 2.930807800292969e+02, 2.930682678222656e+02, 2.930616455078125e+02, 2.930476989746094e+02, 2.930121459960938e+02, 2.9304931640625e+02, 2.930618286132812e+02, 2.93052490234375e+02, 2.930416564941406e+02]
electricalGrid.PElecGen=[0e+00, 0e+00]
electricalGrid.PElecLoa=[4.20362744140625e+03, 4.471044921875e+03, 4.847501953125e+03, 5.1149931640625e+03, 3.635391845703125e+03, 3.51963818359375e+03, 3.5938310546875e+03, 3.57422607421875e+03, 3.5748837890625e+03, 3.5770205078125e+03, 3.57833642578125e+03, 3.55071142578125e+03, 3.456280517578125e+03, 3.4007021484375e+03, 3.329689208984375e+03, 3.27506103515625e+03, 3.297648681640625e+03, 3.24374560546875e+03, 3.09551611328125e+03, 5.07856494140625e+03, 3.4672451171875e+03, 3.12650048828125e+03, 2.9718974609375e+03, 2.9219130859375e+03, 2.9275986328125e+03, 2.8975439453125e+03, 2.830757080078125e+03, 2.783749755859375e+03, 2.775597412109375e+03, 2.75258984375e+03, 2.584221923828125e+03, 2.443223388671875e+03, 2.505903564453125e+03, 2.528210693359375e+03, 2.542896240234375e+03, 2.554392578125e+03, 2.557683349609375e+03, 2.566595458984375e+03, 2.62937109375e+03, 4.09356982421875e+03, 2.8847431640625e+03, 2.76443310546875e+03, 2.798231201171875e+03, 2.8086337890625e+03, 2.8180322265625e+03, 4.94146728515625e+03, 3.783546630859375e+03, 2.914451416015625e+03, 2.8114609375e+03, 2.802537841796875e+03, 2.7992919921875e+03, 2.80368310546875e+03, 2.812370361328125e+03, 2.83279736328125e+03, 2.880218017578125e+03, 2.943169921875e+03, 2.99352978515625e+03, 3.042e+03, 3.090807373046875e+03, 3.11639501953125e+03, 3.090547607421875e+03, 3.065083251953125e+03, 3.042174072265625e+03, 3.0384892578125e+03, 3.028966552734375e+03, 5.082373046875e+03, 3.5092119140625e+03, 2.91586279296875e+03, 2.9093857421875e+03, 2.8914873046875e+03, 2.84425e+03, 2.79168603515625e+03, 2.728918212890625e+03, 2.66798828125e+03, 2.54740625e+03, 2.463005126953125e+03, 2.47034521484375e+03, 2.51910205078125e+03, 2.674340576171875e+03, 2.757969482421875e+03, 2.67311083984375e+03, 2.631214599609375e+03, 2.579774169921875e+03, 3.428507568359375e+03, 2.74894189453125e+03, 2.87448779296875e+03, 3.043897705078125e+03, 3.208783935546875e+03, 3.23142431640625e+03, 3.275771240234375e+03, 3.375390869140625e+03, 3.470294921875e+03, 3.5785654296875e+03, 3.7526376953125e+03, 3.846533935546875e+03, 5.098025390625e+03, 4.193751953125e+03, 4.09529638671875e+03, 4.17628271484375e+03, 4.27993359375e+03, 4.393884765625e+03]
