last-generated=2024-07-16
statistics-initialization=
{
  "linear": "0",
  "nonlinear": "5, 7, 1, 2, 1",
  "numerical Jacobians": "0"
}
statistics-simulation=
{
  "linear": "0, 0, 0, 0, 0, 0, 0, 0, 0, 0, 0, 0, 0, 0, 0, 0, 0, 0, 0, 0, 0, 0, 0, 0, 0, 0, 0,   0, 0, 0, 0, 0, 0, 0, 0, 0, 0, 0, 0, 0, 0, 0, 0, 0",
  "nonlinear": "1, 1, 6, 1, 1, 1, 1, 1, 0, 1, 0, 1, 0, 1, 1",
  "number of continuous time states": "104",
  "numerical Jacobians": "0"
}
time=[0e+00, 1.728e+05]
weaDat.weaBus.TDryBul=[2.713500061035156e+02, 2.714423522949219e+02, 2.713688049316406e+02, 2.711300048828125e+02, 2.708900146484375e+02, 2.706499938964844e+02, 2.704100036621094e+02, 2.701031188964844e+02, 2.696802062988281e+02, 2.693132629394531e+02, 2.689815979003906e+02, 2.687498474121094e+02, 2.687302856445312e+02, 2.684281311035156e+02, 2.677860412597656e+02, 2.674700012207031e+02, 2.672780151367188e+02, 2.670859985351562e+02, 2.668940124511719e+02, 2.667543640136719e+02, 2.674586791992188e+02, 2.682342834472656e+02, 2.686448669433594e+02, 2.692129211425781e+02, 2.700237121582031e+02, 2.708500061035156e+02, 2.716349792480469e+02, 2.723893127441406e+02, 2.729895324707031e+02, 2.733184814453125e+02, 2.734673461914062e+02, 2.735424194335938e+02, 2.735648498535156e+02, 2.73562255859375e+02, 2.734952392578125e+02, 2.733829650878906e+02, 2.733241271972656e+02, 2.733239440917969e+02, 2.734044799804688e+02, 2.735684204101562e+02, 2.736940002441406e+02, 2.737637023925781e+02, 2.737111511230469e+02, 2.734936828613281e+02, 2.733190002441406e+02, 2.73205322265625e+02, 2.731450805664062e+02, 2.731335754394531e+02, 2.7315283203125e+02, 2.732023315429688e+02, 2.7325e+02, 2.732466735839844e+02, 2.732464294433594e+02, 2.733169860839844e+02, 2.734288940429688e+02, 2.735700073242188e+02, 2.737182312011719e+02, 2.738376770019531e+02, 2.739303588867188e+02, 2.739819946289062e+02, 2.740299987792969e+02, 2.740780029296875e+02, 2.741260070800781e+02, 2.741852416992188e+02, 2.742919921875e+02, 2.743815307617188e+02, 2.744320983886719e+02, 2.744386291503906e+02, 2.742976684570312e+02, 2.742652587890625e+02, 2.743667907714844e+02, 2.744607849121094e+02, 2.74489013671875e+02, 2.745615539550781e+02, 2.748076477050781e+02, 2.751499938964844e+02, 2.755416259765625e+02, 2.759237670898438e+02, 2.761777038574219e+02, 2.763310241699219e+02, 2.764301147460938e+02, 2.764605407714844e+02, 2.7639404296875e+02, 2.762903747558594e+02, 2.7616455078125e+02, 2.760198059082031e+02, 2.758236999511719e+02, 2.755619812011719e+02, 2.753553771972656e+02, 2.751993103027344e+02, 2.751300048828125e+02, 2.750820007324219e+02, 2.750339965820312e+02, 2.749859924316406e+02, 2.749522399902344e+02, 2.751499938964844e+02, 2.753774108886719e+02, 2.755320129394531e+02, 2.756587219238281e+02, 2.756750183105469e+02, 2.755499877929688e+02]
hydraulic.generation.sigBusGen.TGenOutMea=[2.931499938964844e+02, 3.368198547363281e+02, 3.120782165527344e+02, 3.2021337890625e+02, 3.160978393554688e+02, 3.158927307128906e+02, 3.157301635742188e+02, 3.168073120117188e+02, 3.162746276855469e+02, 3.164396362304688e+02, 3.168296508789062e+02, 3.167882995605469e+02, 3.171757507324219e+02, 3.166976318359375e+02, 3.174046020507812e+02, 3.18225830078125e+02, 3.178263244628906e+02, 3.189713439941406e+02, 3.247501525878906e+02, 3.191550903320312e+02, 3.244266052246094e+02, 3.185859985351562e+02, 3.179185791015625e+02, 3.175262451171875e+02, 3.173318481445312e+02, 3.173134460449219e+02, 3.174115905761719e+02, 3.33109130859375e+02, 3.153789978027344e+02, 3.165580749511719e+02, 3.171094665527344e+02, 3.175784301757812e+02, 3.179546508789062e+02, 3.180767517089844e+02, 3.181165771484375e+02, 3.181830749511719e+02, 3.182416381835938e+02, 3.182583618164062e+02, 3.182063598632812e+02, 3.180657043457031e+02, 3.179210510253906e+02, 3.178298950195312e+02, 3.178382568359375e+02, 3.179985046386719e+02, 3.181934204101562e+02, 3.183377075195312e+02, 3.184226379394531e+02, 3.184514465332031e+02, 3.217134094238281e+02, 3.159909973144531e+02, 3.168193054199219e+02, 3.173307189941406e+02, 3.177182312011719e+02, 3.180352478027344e+02, 3.181962585449219e+02, 3.181121215820312e+02, 3.17945556640625e+02, 3.177911071777344e+02, 3.176768188476562e+02, 3.176119384765625e+02, 3.175664367675781e+02, 3.175240478515625e+02, 3.174800720214844e+02, 3.174302062988281e+02, 3.173486022949219e+02, 3.172582092285156e+02, 3.171902160644531e+02, 3.171647644042969e+02, 3.172600708007812e+02, 3.173360900878906e+02, 3.172859497070312e+02, 3.171864929199219e+02, 3.171319274902344e+02, 3.170655822753906e+02, 3.168660583496094e+02, 3.165505981445312e+02, 3.161662292480469e+02, 3.346020202636719e+02, 3.153389892578125e+02, 3.154884643554688e+02, 3.153600158691406e+02, 3.152462768554688e+02, 3.152532653808594e+02, 3.15337646484375e+02, 3.15460205078125e+02, 3.156028747558594e+02, 3.15782958984375e+02, 3.160243225097656e+02, 3.1624169921875e+02, 3.164049377441406e+02, 3.164912414550781e+02, 3.165426940917969e+02, 3.165853576660156e+02, 3.166273498535156e+02, 3.166634521484375e+02, 3.16530517578125e+02, 3.156502075195312e+02, 3.162016296386719e+02, 3.161859130859375e+02, 3.160594177246094e+02, 3.160762939453125e+02]
outputs.building.TZone[1]=[2.931499938964844e+02, 2.85699951171875e+02, 2.871388549804688e+02, 2.888817443847656e+02, 2.8933935546875e+02, 2.891906127929688e+02, 2.891016845703125e+02, 2.893425598144531e+02, 2.891734924316406e+02, 2.893533935546875e+02, 2.893330383300781e+02, 2.894776000976562e+02, 2.894840087890625e+02, 2.8961669921875e+02, 2.899127197265625e+02, 2.9051904296875e+02, 2.904528198242188e+02, 2.91005126953125e+02, 2.908058471679688e+02, 2.9138134765625e+02, 2.912884216308594e+02, 2.916156616210938e+02, 2.916356201171875e+02, 2.915824279785156e+02, 2.914650268554688e+02, 2.914811401367188e+02, 2.914835205078125e+02, 2.914468078613281e+02, 2.911633605957031e+02, 2.914664916992188e+02, 2.916843872070312e+02, 2.919057922363281e+02, 2.920524597167969e+02, 2.921463928222656e+02, 2.92162109375e+02, 2.92151123046875e+02, 2.921365661621094e+02, 2.921099243164062e+02, 2.920588989257812e+02, 2.919600524902344e+02, 2.918822631835938e+02, 2.918922119140625e+02, 2.91901123046875e+02, 2.919019165039062e+02, 2.91920654296875e+02, 2.919149475097656e+02, 2.919095458984375e+02, 2.919501953125e+02, 2.919846801757812e+02, 2.915474853515625e+02, 2.916464538574219e+02, 2.917356567382812e+02, 2.918422546386719e+02, 2.91942138671875e+02, 2.920328063964844e+02, 2.920862426757812e+02, 2.921061706542969e+02, 2.921126708984375e+02, 2.921193237304688e+02, 2.921306457519531e+02, 2.921488037109375e+02, 2.921697998046875e+02, 2.921911010742188e+02, 2.922845458984375e+02, 2.924981384277344e+02, 2.926727294921875e+02, 2.927568359375e+02, 2.928313903808594e+02, 2.928813781738281e+02, 2.930115051269531e+02, 2.931454467773438e+02, 2.932413330078125e+02, 2.933151550292969e+02, 2.933202209472656e+02, 2.932891235351562e+02, 2.932689208984375e+02, 2.93221435546875e+02, 2.931389465332031e+02, 2.929524536132812e+02, 2.930748901367188e+02, 2.931455383300781e+02, 2.931735534667969e+02, 2.931827087402344e+02, 2.932016296386719e+02, 2.932341613769531e+02, 2.932760314941406e+02, 2.933088684082031e+02, 2.933328552246094e+02, 2.933223571777344e+02, 2.932382507324219e+02, 2.931833190917969e+02, 2.932084045410156e+02, 2.932227478027344e+02, 2.932151489257812e+02, 2.932077331542969e+02, 2.932041015625e+02, 2.928963928222656e+02, 2.930596618652344e+02, 2.931542663574219e+02, 2.931456604003906e+02, 2.93119140625e+02]
electricalGrid.PElecGen=[0e+00, 0e+00]
electricalGrid.PElecLoa=[4.087993408203125e+03, 5.86535595703125e+03, 2.2602833984375e+04, 2.213530078125e+04, 4.87001171875e+03, 4.8476083984375e+03, 4.82758447265625e+03, 4.8728173828125e+03, 4.82280615234375e+03, 4.81459521484375e+03, 4.81871240234375e+03, 4.8054248046875e+03, 4.82494482421875e+03, 4.788521484375e+03, 4.78948291015625e+03, 4.81958154296875e+03, 4.78698046875e+03, 4.8338720703125e+03, 2.134491015625e+04, 4.82354833984375e+03, 2.0830494140625e+04, 4.8776943359375e+03, 4.8619970703125e+03, 4.86920263671875e+03, 4.89865283203125e+03, 4.93746484375e+03, 4.97997705078125e+03, 5.8039951171875e+03, 4.92130810546875e+03, 5.0041474609375e+03, 5.04405322265625e+03, 5.07625244140625e+03, 5.1007294921875e+03, 4.84858349609375e+03, 4.744615234375e+03, 4.80238671875e+03, 4.832732421875e+03, 4.8006259765625e+03, 4.68852099609375e+03, 4.51861181640625e+03, 4.436388671875e+03, 4.42294970703125e+03, 4.52935986328125e+03, 4.81166455078125e+03, 5.002509765625e+03, 5.0646767578125e+03, 5.05453173828125e+03, 4.9906123046875e+03, 5.30027392578125e+03, 4.9655126953125e+03, 5.01678173828125e+03, 5.0474833984375e+03, 5.0712666015625e+03, 5.09426806640625e+03, 4.927146484375e+03, 4.578838378906247e+03, 4.359428222656249e+03, 4.268150878906251e+03, 4.2337587890625e+03, 4.2365107421875e+03, 4.2264267578125e+03, 4.20185205078125e+03, 4.17073876953125e+03, 4.12337158203125e+03, 4.00486083984375e+03, 3.90516015625e+03, 3.866417236328125e+03, 3.869660888671875e+03, 4.001114257812501e+03, 3.996393066406251e+03, 3.836985107421876e+03, 3.724373291015625e+03, 3.698987060546875e+03, 3.65507666015625e+03, 3.492743896484375e+03, 3.292119140625e+03, 3.1184296875e+03, 6.116083984375e+03, 4.00653271484375e+03, 3.367248046875e+03, 3.05224853515625e+03, 2.977468994140625e+03, 3.029114013671875e+03, 3.098284912109375e+03, 3.158406005859375e+03, 3.2122265625e+03, 3.29163720703125e+03, 3.41555078125e+03, 3.4863349609375e+03, 3.53159521484375e+03, 3.527385498046875e+03, 3.5138408203125e+03, 3.516185546875e+03, 3.530753662109375e+03, 3.539488525390625e+03, 3.37754833984375e+03, 4.810306640625e+03, 4.062450439453125e+03, 3.427209716796875e+03, 3.23474755859375e+03, 3.303385986328125e+03]
