last-generated=2024-11-08
statistics-initialization=
{
  "nonlinear": "0, 0, 5, 7, 3, 1, 1",
  "numerical Jacobians": "0"
}
statistics-simulation=
{
  "linear": "0, 0, 0, 0, 0, 0, 0, 0, 0, 0, 0, 0, 0, 0, 0, 0, 0, 0, 0, 0, 0, 0, 0, 0, 0, 0, 0,   0, 0, 0, 0, 0, 0, 0, 0, 0, 0, 0, 0, 0, 0, 0, 0, 0",
  "nonlinear": "1, 6, 1, 1, 1, 1, 1, 0, 1, 0, 1, 0, 1, 1, 1",
  "number of continuous time states": "107",
  "numerical Jacobians": "0"
}
time=[0e+00, 1.728e+05]
weaDat.weaBus.TDryBul=[2.711499938964844e+02, 2.711964111328125e+02, 2.711585388183594e+02, 2.710329895019531e+02, 2.708773498535156e+02, 2.706598205566406e+02, 2.704615478515625e+02, 2.704500122070312e+02, 2.704500122070312e+02, 2.704500122070312e+02, 2.704500122070312e+02, 2.704904479980469e+02, 2.706648559570312e+02, 2.708219909667969e+02, 2.709660034179688e+02, 2.710835876464844e+02, 2.710487060546875e+02, 2.710967712402344e+02, 2.713839721679688e+02, 2.715577392578125e+02, 2.713986511230469e+02, 2.713771667480469e+02, 2.716394348144531e+02, 2.718602600097656e+02, 2.719464111328125e+02, 2.720499877929688e+02, 2.722364196777344e+02, 2.724353637695312e+02, 2.725456237792969e+02, 2.726259155273438e+02, 2.730393371582031e+02, 2.736041564941406e+02, 2.736746826171875e+02, 2.736636657714844e+02, 2.736180114746094e+02, 2.735700073242188e+02, 2.735389404296875e+02, 2.735155944824219e+02, 2.7335400390625e+02, 2.731619873046875e+02, 2.729700012207031e+02, 2.727780151367188e+02, 2.72593994140625e+02, 2.724955749511719e+02, 2.724342651367188e+02, 2.723796081542969e+02, 2.723463134765625e+02, 2.723376770019531e+02, 2.723522033691406e+02, 2.724003295898438e+02, 2.724500122070312e+02, 2.724666442871094e+02, 2.724525451660156e+02, 2.724020690917969e+02, 2.722803344726562e+02, 2.720899963378906e+02, 2.718980102539062e+02, 2.717059936523438e+02, 2.715140075683594e+02, 2.713631591796875e+02, 2.713411865234375e+02, 2.713729858398438e+02, 2.714293518066406e+02, 2.714556884765625e+02, 2.714446716308594e+02, 2.714856872558594e+02, 2.716668701171875e+02, 2.717514038085938e+02, 2.716672058105469e+02, 2.716678771972656e+02, 2.71758056640625e+02, 2.718697814941406e+02, 2.7200390625e+02, 2.721656494140625e+02, 2.724968872070312e+02, 2.728500061035156e+02, 2.729950561523438e+02, 2.729598999023438e+02, 2.725846862792969e+02, 2.721623229980469e+02, 2.721732788085938e+02, 2.722332153320312e+02, 2.723517456054688e+02, 2.724693908691406e+02, 2.722129516601562e+02, 2.715361633300781e+02, 2.708384399414062e+02, 2.701152648925781e+02, 2.6966552734375e+02, 2.693913269042969e+02, 2.691483459472656e+02, 2.68912841796875e+02, 2.686530456542969e+02, 2.682867126464844e+02, 2.680051879882812e+02, 2.680009765625e+02, 2.679133911132812e+02, 2.676651611328125e+02, 2.674332275390625e+02, 2.672374267578125e+02, 2.670499877929688e+02]
hydraulic.generation.sigBusGen.TGenOutMea=[2.931499938964844e+02, 3.073534851074219e+02, 3.137935485839844e+02, 3.185050964355469e+02, 3.218921813964844e+02, 3.227742614746094e+02, 3.228937683105469e+02, 3.228402099609375e+02, 3.228056030273438e+02, 3.227958984375e+02, 3.227943115234375e+02, 3.227625122070312e+02, 3.225955810546875e+02, 3.224230346679688e+02, 3.222770080566406e+02, 3.2214892578125e+02, 3.221632080078125e+02, 3.221373901367188e+02, 3.21592041015625e+02, 3.218029479980469e+02, 3.218639831542969e+02, 3.218643188476562e+02, 3.215966796875e+02, 3.2133642578125e+02, 3.212249755859375e+02, 3.211233215332031e+02, 3.209383239746094e+02, 3.207261657714844e+02, 3.205978698730469e+02, 3.205193481445312e+02, 3.201448974609375e+02, 3.195352478027344e+02, 3.193944091796875e+02, 3.194054870605469e+02, 3.194580383300781e+02, 3.194867553710938e+02, 3.196722717285156e+02, 3.196285095214844e+02, 3.197365417480469e+02, 3.199246826171875e+02, 3.201266479492188e+02, 3.203332214355469e+02, 3.205306091308594e+02, 3.206452941894531e+02, 3.207096862792969e+02, 3.215815734863281e+02, 3.206557006835938e+02, 3.210567016601562e+02, 3.209176330566406e+02, 3.207855224609375e+02, 3.207030334472656e+02, 3.206755676269531e+02, 3.206871643066406e+02, 3.207367858886719e+02, 3.20856201171875e+02, 3.210523681640625e+02, 3.212572937011719e+02, 3.21460693359375e+02, 3.216622924804688e+02, 3.218300476074219e+02, 3.2186865234375e+02, 3.218363952636719e+02, 3.217749938964844e+02, 3.217409973144531e+02, 3.217555541992188e+02, 3.233650817871094e+02, 3.215302429199219e+02, 3.215876159667969e+02, 3.215721435546875e+02, 3.215427856445312e+02, 3.214415588378906e+02, 3.213276062011719e+02, 3.2119189453125e+02, 3.21031494140625e+02, 3.207030944824219e+02, 3.203141784667969e+02, 3.201231689453125e+02, 3.20138671875e+02, 3.204906311035156e+02, 3.209706726074219e+02, 3.210205688476562e+02, 3.209057312011719e+02, 3.20999755859375e+02, 3.207491149902344e+02, 3.209091186523438e+02, 3.215833740234375e+02, 3.223390502929688e+02, 3.231114807128906e+02, 3.236161804199219e+02, 3.238866271972656e+02, 3.24124755859375e+02, 3.243786926269531e+02, 3.246453247070312e+02, 3.250126647949219e+02, 3.253331298828125e+02, 3.243906555175781e+02, 3.256255798339844e+02, 3.2581103515625e+02, 3.259682922363281e+02, 3.261459350585938e+02, 3.263338623046875e+02]
outputs.building.TZone[1]=[2.931499938964844e+02, 2.882682189941406e+02, 2.887249755859375e+02, 2.8907763671875e+02, 2.893388366699219e+02, 2.894309997558594e+02, 2.893744812011719e+02, 2.893185424804688e+02, 2.893149108886719e+02, 2.893309631347656e+02, 2.893504028320312e+02, 2.893753662109375e+02, 2.894107971191406e+02, 2.895403442382812e+02, 2.898472900390625e+02, 2.90134765625e+02, 2.903315734863281e+02, 2.905335388183594e+02, 2.906294555664062e+02, 2.908553161621094e+02, 2.909431762695312e+02, 2.910421752929688e+02, 2.911432495117188e+02, 2.912258605957031e+02, 2.912273254394531e+02, 2.912311096191406e+02, 2.912109069824219e+02, 2.911734619140625e+02, 2.912759704589844e+02, 2.914072265625e+02, 2.915595703125e+02, 2.916905212402344e+02, 2.91742431640625e+02, 2.917715454101562e+02, 2.917651977539062e+02, 2.917089233398438e+02, 2.917049560546875e+02, 2.916483764648438e+02, 2.915655822753906e+02, 2.914464416503906e+02, 2.913612060546875e+02, 2.913789367675781e+02, 2.91394775390625e+02, 2.913900146484375e+02, 2.913738708496094e+02, 2.913103942871094e+02, 2.911485900878906e+02, 2.912822570800781e+02, 2.912983703613281e+02, 2.912856140136719e+02, 2.912742004394531e+02, 2.912845764160156e+02, 2.913005676269531e+02, 2.913179931640625e+02, 2.913363952636719e+02, 2.913580017089844e+02, 2.913825378417969e+02, 2.9140771484375e+02, 2.914334106445312e+02, 2.914607238769531e+02, 2.91487060546875e+02, 2.915086669921875e+02, 2.915284118652344e+02, 2.916285095214844e+02, 2.918806762695312e+02, 2.921079711914062e+02, 2.921892700195312e+02, 2.923424377441406e+02, 2.92400634765625e+02, 2.924772033691406e+02, 2.925567321777344e+02, 2.928173217773438e+02, 2.930863037109375e+02, 2.932477111816406e+02, 2.933163452148438e+02, 2.933273620605469e+02, 2.932762756347656e+02, 2.932220764160156e+02, 2.931954650878906e+02, 2.932155151367188e+02, 2.932523193359375e+02, 2.932433471679688e+02, 2.932918395996094e+02, 2.93270751953125e+02, 2.93253662109375e+02, 2.932684631347656e+02, 2.932838439941406e+02, 2.932851257324219e+02, 2.932342224121094e+02, 2.931082763671875e+02, 2.930301818847656e+02, 2.930460510253906e+02, 2.930555419921875e+02, 2.930478210449219e+02, 2.930460815429688e+02, 2.929465942382812e+02, 2.930328369140625e+02, 2.930607604980469e+02, 2.930676574707031e+02, 2.930584716796875e+02, 2.930503234863281e+02]
electricalGrid.PElecGen=[0e+00, 0e+00]
electricalGrid.PElecLoa=[3.84427783203125e+03, 3.84509912109375e+03, 4.0643642578125e+03, 4.4596298828125e+03, 4.747091796875e+03, 3.80361865234375e+03, 3.5536064453125e+03, 3.47541064453125e+03, 3.469770263671875e+03, 3.472706787109375e+03, 3.4741162109375e+03, 3.449052001953125e+03, 3.3629697265625e+03, 3.3113359375e+03, 3.24288720703125e+03, 3.183127197265625e+03, 3.20669189453125e+03, 3.151214599609375e+03, 4.023989501953125e+03, 3.204016845703125e+03, 3.090767333984375e+03, 3.02211083984375e+03, 2.88163525390625e+03, 2.82525e+03, 2.83035205078125e+03, 2.806230224609375e+03, 2.746865478515625e+03, 2.699556396484375e+03, 2.690421630859375e+03, 2.666849609375e+03, 2.482426025390625e+03, 2.323496826171875e+03, 2.388723876953125e+03, 2.4233876953125e+03, 2.444592041015625e+03, 2.984625976562503e+03, 2.5739140625e+03, 2.47718115234375e+03, 2.5353203125e+03, 2.6019970703125e+03, 2.658965087890625e+03, 2.70197607421875e+03, 2.737662841796875e+03, 2.739376953125e+03, 2.7424833984375e+03, 4.74667431640625e+03, 3.998245361328125e+03, 2.99310888671875e+03, 2.76204833984375e+03, 2.71752734375e+03, 2.7121494140625e+03, 2.719693115234375e+03, 2.731187255859375e+03, 2.750905517578125e+03, 2.794159423828125e+03, 2.851312255859375e+03, 2.895613037109375e+03, 2.9365009765625e+03, 2.97952978515625e+03, 3.002423095703125e+03, 2.969883544921875e+03, 2.942382568359375e+03, 2.919504150390625e+03, 2.914908203125e+03, 2.9034677734375e+03, 4.8891416015625e+03, 3.449352294921875e+03, 2.883376953125e+03, 2.80994091796875e+03, 2.774365478515625e+03, 2.726768310546875e+03, 2.669542236328125e+03, 2.595008056640625e+03, 2.498699462890625e+03, 2.35182763671875e+03, 2.256853759765625e+03, 2.262197021484375e+03, 2.311029052734375e+03, 2.4667294921875e+03, 2.5518017578125e+03, 2.426263671875e+03, 3.068766845703125e+03, 2.376897216796875e+03, 2.26315625e+03, 2.381906005859375e+03, 2.59757421875e+03, 2.7213232421875e+03, 2.8349541015625e+03, 2.838292236328125e+03, 2.897693359375e+03, 3.006142822265625e+03, 3.08105078125e+03, 3.178945068359375e+03, 3.34435498046875e+03, 3.42943359375e+03, 4.915513671875e+03, 3.865044677734375e+03, 3.62501708984375e+03, 3.677549072265625e+03, 3.760990234375e+03, 3.861834228515625e+03]
