last-generated=2024-12-12
statistics-initialization=
{
  "nonlinear": "0, 0, 5, 7, 3, 2, 1, 1",
  "numerical Jacobians": "0"
}
statistics-simulation=
{
  "linear": "0, 0, 0, 0, 0, 0, 0, 0, 0, 0, 0, 0, 0, 0, 0, 0, 0, 0, 0, 0, 0, 0, 0, 0, 0, 0, 0,   0, 0, 0, 0, 0, 0, 0, 0, 0, 0, 0, 0, 0, 0, 0, 0, 0, 0, 0, 0, 7, 0, 0, 0, 0, 0,   0, 0, 0, 0",
  "nonlinear": "1, 6, 2, 1, 1, 1, 1, 1, 1, 1, 1, 1, 0, 1, 0, 1, 0, 1, 1, 1",
  "number of continuous time states": "153",
  "numerical Jacobians": "0"
}
time=[0e+00, 1.728e+05]
weaDat.weaBus.TDryBul=[2.711499938964844e+02, 2.711964111328125e+02, 2.711585388183594e+02, 2.710329895019531e+02, 2.708773498535156e+02, 2.706598205566406e+02, 2.704615478515625e+02, 2.704500122070312e+02, 2.704500122070312e+02, 2.704500122070312e+02, 2.704500122070312e+02, 2.704904479980469e+02, 2.706648559570312e+02, 2.708219909667969e+02, 2.709660034179688e+02, 2.710835876464844e+02, 2.710487060546875e+02, 2.710967712402344e+02, 2.713839721679688e+02, 2.715577392578125e+02, 2.713986511230469e+02, 2.713771667480469e+02, 2.716394348144531e+02, 2.718602600097656e+02, 2.719464111328125e+02, 2.720499877929688e+02, 2.722364196777344e+02, 2.724353637695312e+02, 2.725456237792969e+02, 2.726259155273438e+02, 2.730393371582031e+02, 2.736041564941406e+02, 2.736746826171875e+02, 2.736636657714844e+02, 2.736180114746094e+02, 2.735700073242188e+02, 2.735389404296875e+02, 2.735155944824219e+02, 2.7335400390625e+02, 2.731619873046875e+02, 2.729700012207031e+02, 2.727780151367188e+02, 2.72593994140625e+02, 2.724955749511719e+02, 2.724342651367188e+02, 2.723796081542969e+02, 2.723463134765625e+02, 2.723376770019531e+02, 2.723522033691406e+02, 2.724003295898438e+02, 2.724500122070312e+02, 2.724666442871094e+02, 2.724525451660156e+02, 2.724020690917969e+02, 2.722803344726562e+02, 2.720899963378906e+02, 2.718980102539062e+02, 2.717059936523438e+02, 2.715140075683594e+02, 2.713631591796875e+02, 2.713411865234375e+02, 2.713729858398438e+02, 2.714293518066406e+02, 2.714556884765625e+02, 2.714446716308594e+02, 2.714856872558594e+02, 2.716668701171875e+02, 2.717514038085938e+02, 2.716672058105469e+02, 2.716678771972656e+02, 2.71758056640625e+02, 2.718697814941406e+02, 2.7200390625e+02, 2.721656494140625e+02, 2.724968872070312e+02, 2.728500061035156e+02, 2.729950561523438e+02, 2.729598999023438e+02, 2.725846862792969e+02, 2.721623229980469e+02, 2.721732788085938e+02, 2.722332153320312e+02, 2.723517456054688e+02, 2.724693908691406e+02, 2.722129516601562e+02, 2.715361633300781e+02, 2.708384399414062e+02, 2.701152648925781e+02, 2.6966552734375e+02, 2.693913269042969e+02, 2.691483459472656e+02, 2.68912841796875e+02, 2.686530456542969e+02, 2.682867126464844e+02, 2.680051879882812e+02, 2.680009765625e+02, 2.679133911132812e+02, 2.676651611328125e+02, 2.674332275390625e+02, 2.672374267578125e+02, 2.670499877929688e+02]
hydraulic.generation.sigBusGen.TGenOutMea=[2.931499938964844e+02, 3.333048095703125e+02, 3.085949096679688e+02, 3.147421569824219e+02, 3.176773986816406e+02, 3.200451049804688e+02, 3.219286193847656e+02, 3.229329833984375e+02, 3.229793701171875e+02, 3.228819274902344e+02, 3.228193969726562e+02, 3.2276611328125e+02, 3.225993957519531e+02, 3.224250793457031e+02, 3.22275634765625e+02, 3.221477966308594e+02, 3.221584167480469e+02, 3.221337280273438e+02, 3.218726806640625e+02, 3.320438232421875e+02, 3.217592468261719e+02, 3.220188903808594e+02, 3.216977844238281e+02, 3.213726196289062e+02, 3.212286682128906e+02, 3.211210021972656e+02, 3.209392700195312e+02, 3.207278137207031e+02, 3.20595947265625e+02, 3.205168762207031e+02, 3.201499938964844e+02, 3.195450744628906e+02, 3.193880920410156e+02, 3.193972778320312e+02, 3.19454345703125e+02, 3.19510986328125e+02, 3.195497741699219e+02, 3.195701599121094e+02, 3.197160949707031e+02, 3.199169311523438e+02, 3.201233215332031e+02, 3.203308715820312e+02, 3.205295715332031e+02, 3.202728271484375e+02, 3.208779296875e+02, 3.208598022460938e+02, 3.208321533203125e+02, 3.208196105957031e+02, 3.20801513671875e+02, 3.207543334960938e+02, 3.206993713378906e+02, 3.206754760742188e+02, 3.206861267089844e+02, 3.298885498046875e+02, 3.208318481445312e+02, 3.21234130859375e+02, 3.213510437011719e+02, 3.214889221191406e+02, 3.216656188964844e+02, 3.218288269042969e+02, 3.218726196289062e+02, 3.2184326171875e+02, 3.217801208496094e+02, 3.217418518066406e+02, 3.217522888183594e+02, 3.217254028320312e+02, 3.215534362792969e+02, 3.214365539550781e+02, 3.214978942871094e+02, 3.336547241210934e+02, 3.215318298339844e+02, 3.215189208984375e+02, 3.212785034179688e+02, 3.210451354980469e+02, 3.20679443359375e+02, 3.202875671386719e+02, 3.201114807128906e+02, 3.201410522460938e+02, 3.20490478515625e+02, 3.209628601074219e+02, 3.21025634765625e+02, 3.209642028808594e+02, 3.208416137695312e+02, 3.207005310058594e+02, 3.208947448730469e+02, 3.215532836914062e+02, 3.223090515136719e+02, 3.23089599609375e+02, 3.236231384277344e+02, 3.239150390625e+02, 3.241431884765625e+02, 3.243842163085938e+02, 3.246473693847656e+02, 3.246791687011719e+02, 3.251817321777344e+02, 3.255621643066406e+02, 3.255736999511719e+02, 3.257271118164062e+02, 3.25940673828125e+02, 3.261426391601562e+02, 3.263379821777344e+02]
outputs.building.TZone[1]=[2.931499938964844e+02, 2.873885803222656e+02, 2.883327331542969e+02, 2.886255798339844e+02, 2.888259887695312e+02, 2.889695434570312e+02, 2.890741577148438e+02, 2.891683044433594e+02, 2.892112731933594e+02, 2.892290954589844e+02, 2.89244140625e+02, 2.892678527832031e+02, 2.893061828613281e+02, 2.894373168945312e+02, 2.897444763183594e+02, 2.90032470703125e+02, 2.902276611328125e+02, 2.904302673339844e+02, 2.9060400390625e+02, 2.905914306640625e+02, 2.907259521484375e+02, 2.909330749511719e+02, 2.910481567382812e+02, 2.911278686523438e+02, 2.911248779296875e+02, 2.911284790039062e+02, 2.911114196777344e+02, 2.9107666015625e+02, 2.911789245605469e+02, 2.913097229003906e+02, 2.91467041015625e+02, 2.916038818359375e+02, 2.916502990722656e+02, 2.916766662597656e+02, 2.916712036132812e+02, 2.916427307128906e+02, 2.916058959960938e+02, 2.915531005859375e+02, 2.914744873046875e+02, 2.913573303222656e+02, 2.912735595703125e+02, 2.912923278808594e+02, 2.913092651367188e+02, 2.911412048339844e+02, 2.912808227539062e+02, 2.912324523925781e+02, 2.911741638183594e+02, 2.911858520507812e+02, 2.912032165527344e+02, 2.912013549804688e+02, 2.911953735351562e+02, 2.912073059082031e+02, 2.912237548828125e+02, 2.911391296386719e+02, 2.911455078125e+02, 2.912723693847656e+02, 2.913018188476562e+02, 2.913215026855469e+02, 2.913443603515625e+02, 2.913718566894531e+02, 2.914012756347656e+02, 2.914255676269531e+02, 2.91447021484375e+02, 2.915475158691406e+02, 2.91799072265625e+02, 2.920274658203125e+02, 2.921545715332031e+02, 2.92255859375e+02, 2.923138122558594e+02, 2.921681213378906e+02, 2.923930053710938e+02, 2.927437438964844e+02, 2.930138549804688e+02, 2.931783142089844e+02, 2.932533874511719e+02, 2.932726135253906e+02, 2.932278137207031e+02, 2.931795349121094e+02, 2.931563415527344e+02, 2.931815490722656e+02, 2.932315979003906e+02, 2.932641906738281e+02, 2.932716369628906e+02, 2.932623901367188e+02, 2.932527160644531e+02, 2.93268310546875e+02, 2.932894592285156e+02, 2.932977600097656e+02, 2.932556762695312e+02, 2.931332702636719e+02, 2.93052001953125e+02, 2.930640869140625e+02, 2.930711364746094e+02, 2.930208740234375e+02, 2.929992370605469e+02, 2.930691528320312e+02, 2.930613098144531e+02, 2.93062744140625e+02, 2.930729370117188e+02, 2.930664367675781e+02, 2.930586547851562e+02]
electricalGrid.PElecGen=[0e+00, 0e+00]
electricalGrid.PElecLoa=[3.84427783203125e+03, 5.7868447265625e+03, 3.8444287109375e+03, 4.13870703125e+03, 4.3843037109375e+03, 4.5835224609375e+03, 4.741732421875e+03, 4.296127929687499e+03, 3.71567333984375e+03, 3.533252685546875e+03, 3.508668212890625e+03, 3.489482666015625e+03, 3.395974365234375e+03, 3.33808984375e+03, 3.2753984375e+03, 3.218837890625e+03, 3.25423046875e+03, 3.209671142578125e+03, 3.024143310546875e+03, 5.74098876953125e+03, 4.017070556640625e+03, 3.310015869140625e+03, 2.93094287109375e+03, 2.82481591796875e+03, 2.839769775390625e+03, 2.825986083984375e+03, 2.763566650390625e+03, 2.711712646484375e+03, 2.707335693359375e+03, 2.690567138671875e+03, 2.495105712890625e+03, 2.31006201171875e+03, 2.392109130859375e+03, 2.4478759765625e+03, 2.4754755859375e+03, 2.48989111328125e+03, 2.492520751953125e+03, 2.500994384765625e+03, 2.581702392578125e+03, 2.65814111328125e+03, 2.7194599609375e+03, 2.7672900390625e+03, 2.804816162109375e+03, 4.0401904296875e+03, 3.0095146484375e+03, 2.823124267578125e+03, 2.79308544921875e+03, 2.79057666015625e+03, 2.782380615234375e+03, 2.761075927734375e+03, 2.746546142578125e+03, 2.750984130859375e+03, 2.764944580078125e+03, 5.5717236328125e+03, 3.7525439453125e+03, 3.130571777343748e+03, 2.985583984375e+03, 2.998477294921875e+03, 3.052092041015625e+03, 3.08242626953125e+03, 3.038586181640625e+03, 2.98917431640625e+03, 2.953609375e+03, 2.94790771484375e+03, 2.946048828125e+03, 2.902322998046875e+03, 2.799002197265625e+03, 2.777970947265625e+03, 2.840182861328125e+03, 5.880120117187465e+03, 3.506201416015639e+03, 2.852805908203125e+03, 2.630510986328125e+03, 2.5392705078125e+03, 2.4592421875e+03, 2.4162216796875e+03, 2.445392822265625e+03, 2.48890380859375e+03, 2.651668701171875e+03, 2.760044189453125e+03, 2.6223388671875e+03, 2.52081689453125e+03, 2.4205029296875e+03, 2.360878173828125e+03, 2.489473876953125e+03, 2.78087890625e+03, 2.976642578125e+03, 3.148889404296875e+03, 3.130021240234375e+03, 3.10964208984375e+03, 3.17987841796875e+03, 3.2549462890625e+03, 3.352630615234375e+03, 4.08242236328125e+03, 4.88909375e+03, 4.014524658203125e+03, 3.698515625e+03, 3.75564208984375e+03, 3.854624755859375e+03, 3.935614501953125e+03, 4.019227294921875e+03]
