last-generated=2025-08-27
statistics-initialization=
{
  "nonlinear": "5, 8, 1, 1, 1, 1, 1",
  "numerical Jacobians": "0"
}
statistics-simulation=
{
  "linear": "0, 0, 0, 0, 0, 0, 0, 0, 0, 0, 0, 0, 0, 0, 0, 0, 0, 0, 0, 0, 0, 0, 0, 0, 0, 0, 0,   0, 0, 0, 0, 0, 0, 0, 0, 0, 0, 0, 0, 0, 0, 0, 0, 0",
  "nonlinear": "1, 1, 1, 6, 1, 1, 1, 1, 1, 0, 1, 0, 1, 0, 1, 1, 1",
  "number of continuous time states": "116",
  "numerical Jacobians": "0"
}
time=[0e+00, 1.728e+05]
weaDat.weaBus.TDryBul=[2.711499938964844e+02, 2.711964111328125e+02, 2.711585388183594e+02, 2.710329895019531e+02, 2.708773498535156e+02, 2.706598205566406e+02, 2.704615478515625e+02, 2.704500122070312e+02, 2.704500122070312e+02, 2.704500122070312e+02, 2.704500122070312e+02, 2.704904479980469e+02, 2.706648559570312e+02, 2.708219909667969e+02, 2.709660034179688e+02, 2.710835876464844e+02, 2.710487060546875e+02, 2.710967712402344e+02, 2.713839721679688e+02, 2.715577392578125e+02, 2.713986511230469e+02, 2.713771667480469e+02, 2.716394348144531e+02, 2.718602600097656e+02, 2.719464111328125e+02, 2.720499877929688e+02, 2.722364196777344e+02, 2.724353637695312e+02, 2.725456237792969e+02, 2.726259155273438e+02, 2.730393371582031e+02, 2.736041564941406e+02, 2.736746826171875e+02, 2.736636657714844e+02, 2.736180114746094e+02, 2.735700073242188e+02, 2.735389404296875e+02, 2.735155944824219e+02, 2.7335400390625e+02, 2.731619873046875e+02, 2.729700012207031e+02, 2.727780151367188e+02, 2.72593994140625e+02, 2.724955749511719e+02, 2.724342651367188e+02, 2.723796081542969e+02, 2.723463134765625e+02, 2.723376770019531e+02, 2.723522033691406e+02, 2.724003295898438e+02, 2.724500122070312e+02, 2.724666442871094e+02, 2.724525451660156e+02, 2.724020690917969e+02, 2.722803344726562e+02, 2.720899963378906e+02, 2.718980102539062e+02, 2.717059936523438e+02, 2.715140075683594e+02, 2.713631591796875e+02, 2.713411865234375e+02, 2.713729858398438e+02, 2.714293518066406e+02, 2.714556884765625e+02, 2.714446716308594e+02, 2.714856872558594e+02, 2.716668701171875e+02, 2.717514038085938e+02, 2.716672058105469e+02, 2.716678771972656e+02, 2.71758056640625e+02, 2.718697814941406e+02, 2.7200390625e+02, 2.721656494140625e+02, 2.724968872070312e+02, 2.728500061035156e+02, 2.729950561523438e+02, 2.729598999023438e+02, 2.725846862792969e+02, 2.721623229980469e+02, 2.721732788085938e+02, 2.722332153320312e+02, 2.723517456054688e+02, 2.724693908691406e+02, 2.722129516601562e+02, 2.715361633300781e+02, 2.708384399414062e+02, 2.701152648925781e+02, 2.6966552734375e+02, 2.693913269042969e+02, 2.691483459472656e+02, 2.68912841796875e+02, 2.686530456542969e+02, 2.682867126464844e+02, 2.680051879882812e+02, 2.680009765625e+02, 2.679133911132812e+02, 2.676651611328125e+02, 2.674332275390625e+02, 2.672374267578125e+02, 2.670499877929688e+02]
hydraulic.generation.sigBusGen.TGenOutMea=[2.931499938964844e+02, 3.070867614746094e+02, 3.132205200195312e+02, 3.177411499023438e+02, 3.209982299804688e+02, 3.226948852539062e+02, 3.229239501953125e+02, 3.228677673339844e+02, 3.228167724609375e+02, 3.227986145019531e+02, 3.227944946289062e+02, 3.227635803222656e+02, 3.225963745117188e+02, 3.224240417480469e+02, 3.222779235839844e+02, 3.22149658203125e+02, 3.221634826660156e+02, 3.221374206542969e+02, 3.218657836914062e+02, 3.216473083496094e+02, 3.215331115722656e+02, 3.220185852050781e+02, 3.217046508789062e+02, 3.213751525878906e+02, 3.212336120605469e+02, 3.21123779296875e+02, 3.209381103515625e+02, 3.207265319824219e+02, 3.205983276367188e+02, 3.205194702148438e+02, 3.201455688476562e+02, 3.19538818359375e+02, 3.193955688476562e+02, 3.194042358398438e+02, 3.194569702148438e+02, 3.1951123046875e+02, 3.195491943359375e+02, 3.195701904296875e+02, 3.197203674316406e+02, 3.199216003417969e+02, 3.199988098144531e+02, 3.204774780273438e+02, 3.206128845214844e+02, 3.206712646484375e+02, 3.207149047851562e+02, 3.21461181640625e+02, 3.205766906738281e+02, 3.210218200683594e+02, 3.20920166015625e+02, 3.207911071777344e+02, 3.20705810546875e+02, 3.206763000488281e+02, 3.206871948242188e+02, 3.207366027832031e+02, 3.208558959960938e+02, 3.21051513671875e+02, 3.2125537109375e+02, 3.214586486816406e+02, 3.216608581542969e+02, 3.218294372558594e+02, 3.218687744140625e+02, 3.218376770019531e+02, 3.217763977050781e+02, 3.217417297363281e+02, 3.2175634765625e+02, 3.241275024414062e+02, 3.214662780761719e+02, 3.215972290039062e+02, 3.215879211425781e+02, 3.215499877929688e+02, 3.214439392089844e+02, 3.213286743164062e+02, 3.211927185058594e+02, 3.210322875976562e+02, 3.207060546875e+02, 3.203165588378906e+02, 3.201235046386719e+02, 3.20137939453125e+02, 3.204878845214844e+02, 3.209683837890625e+02, 3.210203857421875e+02, 3.209532165527344e+02, 3.20827392578125e+02, 3.204340515136719e+02, 3.211076965332031e+02, 3.216724853515625e+02, 3.223563232421875e+02, 3.23111083984375e+02, 3.236148681640625e+02, 3.2388623046875e+02, 3.241234130859375e+02, 3.243756713867188e+02, 3.246435241699219e+02, 3.250113830566406e+02, 3.253320007324219e+02, 3.21054931640625e+02, 3.229367370605469e+02, 3.260188903808594e+02, 3.260095825195312e+02, 3.261695861816406e+02, 3.263403625488281e+02]
outputs.building.TZone[1]=[2.931499938964844e+02, 2.882525329589844e+02, 2.886795349121094e+02, 2.890080871582031e+02, 2.892509765625e+02, 2.893929748535156e+02, 2.893634643554688e+02, 2.893107604980469e+02, 2.89306396484375e+02, 2.893217468261719e+02, 2.893410339355469e+02, 2.893661193847656e+02, 2.894017333984375e+02, 2.895311889648438e+02, 2.898383178710938e+02, 2.901258544921875e+02, 2.903228149414062e+02, 2.905248413085938e+02, 2.906934814453125e+02, 2.90842529296875e+02, 2.908432006835938e+02, 2.91036376953125e+02, 2.911457824707031e+02, 2.912215576171875e+02, 2.912196960449219e+02, 2.912224731445312e+02, 2.912019958496094e+02, 2.911644592285156e+02, 2.912672119140625e+02, 2.913987731933594e+02, 2.915506286621094e+02, 2.916784973144531e+02, 2.917328491210938e+02, 2.917630310058594e+02, 2.917568359375e+02, 2.917265930175781e+02, 2.916879577636719e+02, 2.9163330078125e+02, 2.915556030273438e+02, 2.914386291503906e+02, 2.913008728027344e+02, 2.913783264160156e+02, 2.91396484375e+02, 2.913858947753906e+02, 2.913668518066406e+02, 2.913057861328125e+02, 2.911463317871094e+02, 2.912715759277344e+02, 2.912923583984375e+02, 2.912806396484375e+02, 2.912691650390625e+02, 2.912793884277344e+02, 2.912953186035156e+02, 2.91312744140625e+02, 2.913311767578125e+02, 2.913528137207031e+02, 2.913772888183594e+02, 2.914024658203125e+02, 2.9142822265625e+02, 2.914557189941406e+02, 2.914822082519531e+02, 2.915040283203125e+02, 2.9152392578125e+02, 2.916240234375e+02, 2.91876220703125e+02, 2.921036682128906e+02, 2.921703491210938e+02, 2.923360290527344e+02, 2.923972473144531e+02, 2.92473388671875e+02, 2.925523681640625e+02, 2.928127746582031e+02, 2.930818176269531e+02, 2.932437744140625e+02, 2.933125305175781e+02, 2.933235168457031e+02, 2.932735290527344e+02, 2.932201538085938e+02, 2.931936645507812e+02, 2.932140808105469e+02, 2.932515563964844e+02, 2.932753601074219e+02, 2.932759094238281e+02, 2.932129821777344e+02, 2.932669067382812e+02, 2.932814331054688e+02, 2.932884216308594e+02, 2.932869262695312e+02, 2.932357482910156e+02, 2.931097412109375e+02, 2.930313415527344e+02, 2.930469360351562e+02, 2.930563049316406e+02, 2.93048583984375e+02, 2.930467834472656e+02, 2.930411071777344e+02, 2.9275244140625e+02, 2.932792358398438e+02, 2.930820617675781e+02, 2.930709838867188e+02, 2.930597839355469e+02]
electricalGrid.PElecGen=[0e+00, 0e+00]
electricalGrid.PElecLoa=[5.5049560546875e+03, 3.750581298828125e+03, 3.917086669921875e+03, 4.2849296875e+03, 4.55370458984375e+03, 4.11660791015625e+03, 3.699392333984375e+03, 3.53943896484375e+03, 3.5134970703125e+03, 3.515111328125e+03, 3.518015869140625e+03, 3.489564208984375e+03, 3.40410400390625e+03, 3.35146826171875e+03, 3.282864990234375e+03, 3.22316015625e+03, 3.245479736328125e+03, 3.191971435546875e+03, 3.03235693359375e+03, 2.98623388671875e+03, 4.23873828125e+03, 3.354287109375e+03, 2.95294091796875e+03, 2.841136474609375e+03, 2.844018798828125e+03, 2.824630126953125e+03, 2.7681796875e+03, 2.721050537109375e+03, 2.7109296875e+03, 2.687910400390625e+03, 2.50757275390625e+03, 2.339414306640625e+03, 2.405609375e+03, 2.44306787109375e+03, 2.466075927734375e+03, 2.480910888671875e+03, 2.48504052734375e+03, 2.493496826171875e+03, 2.561947265625e+03, 2.625384765625e+03, 3.442653564453125e+03, 2.916542724609375e+03, 2.781004638671875e+03, 2.755795166015625e+03, 2.75966943359375e+03, 5.17188525390625e+03, 3.9803486328125e+03, 3.068652099609375e+03, 2.8018798828125e+03, 2.743312744140625e+03, 2.733040283203125e+03, 2.73973388671875e+03, 2.751257568359375e+03, 2.770905517578125e+03, 2.813611328125e+03, 2.87183837890625e+03, 2.92399755859375e+03, 2.972179931640625e+03, 3.019595458984375e+03, 3.043047119140625e+03, 3.010723876953125e+03, 2.9775302734375e+03, 2.949555419921875e+03, 2.94328466796875e+03, 2.92912353515625e+03, 4.676541015625e+03, 3.605142578125e+03, 2.964277587890625e+03, 2.842907470703125e+03, 2.796440673828125e+03, 2.747683837890625e+03, 2.690771484375e+03, 2.616761962890625e+03, 2.521999755859375e+03, 2.3648046875e+03, 2.266322021484375e+03, 2.271180419921875e+03, 2.320413330078125e+03, 2.487746337890625e+03, 2.5756357421875e+03, 2.45384423828125e+03, 2.381446044921875e+03, 2.320553955078125e+03, 3.324576416015625e+03, 2.553897705078125e+03, 2.606595947265625e+03, 2.730483642578125e+03, 2.85443359375e+03, 2.86258447265625e+03, 2.920872314453125e+03, 3.03108642578125e+03, 3.119097900390625e+03, 3.2201962890625e+03, 3.383418212890625e+03, 3.46914599609375e+03, 4.502083984375e+03, 4.66891748046875e+03, 3.691539794921875e+03, 3.82564453125e+03, 3.85208544921875e+03, 3.94364404296875e+03]
