last-generated=2025-12-09
statistics-initialization=
{
  "nonlinear": "5, 8, 1, 1, 2, 0, 1, 1",
  "numerical Jacobians": "0"
}
statistics-simulation=
{
  "linear": "0, 0, 0, 0, 0, 0, 0, 0, 0, 0, 0, 0, 0, 0, 0, 0, 0, 0, 0, 0, 0, 0, 0, 0, 0, 0, 0,   0, 0, 0, 0, 0, 0, 0, 0, 0, 0, 0, 0, 0, 0, 0, 0",
  "nonlinear": "1, 1, 1, 1, 6, 1, 1, 1, 1, 1, 0, 1, 0, 1, 0, 1, 1",
  "number of continuous time states": "112",
  "numerical Jacobians": "0"
}
time=[0e+00, 1.728e+05]
weaDat.weaBus.TDryBul=[2.713500061035156e+02, 2.714423522949219e+02, 2.713688049316406e+02, 2.711300048828125e+02, 2.708900146484375e+02, 2.706499938964844e+02, 2.704100036621094e+02, 2.701031188964844e+02, 2.696802062988281e+02, 2.693132629394531e+02, 2.689815979003906e+02, 2.687498474121094e+02, 2.687302856445312e+02, 2.684281311035156e+02, 2.677860412597656e+02, 2.674700012207031e+02, 2.672780151367188e+02, 2.670859985351562e+02, 2.668940124511719e+02, 2.667543640136719e+02, 2.674586791992188e+02, 2.682342834472656e+02, 2.686448669433594e+02, 2.692129211425781e+02, 2.700237121582031e+02, 2.708500061035156e+02, 2.716349792480469e+02, 2.723893127441406e+02, 2.729895324707031e+02, 2.733184814453125e+02, 2.734673461914062e+02, 2.735424194335938e+02, 2.735648498535156e+02, 2.73562255859375e+02, 2.734952392578125e+02, 2.733829650878906e+02, 2.733241271972656e+02, 2.733239440917969e+02, 2.734044799804688e+02, 2.735684204101562e+02, 2.736940002441406e+02, 2.737637023925781e+02, 2.737111511230469e+02, 2.734936828613281e+02, 2.733190002441406e+02, 2.73205322265625e+02, 2.731450805664062e+02, 2.731335754394531e+02, 2.7315283203125e+02, 2.732023315429688e+02, 2.7325e+02, 2.732466735839844e+02, 2.732464294433594e+02, 2.733169860839844e+02, 2.734288940429688e+02, 2.735700073242188e+02, 2.737182312011719e+02, 2.738376770019531e+02, 2.739303588867188e+02, 2.739819946289062e+02, 2.740299987792969e+02, 2.740780029296875e+02, 2.741260070800781e+02, 2.741852416992188e+02, 2.742919921875e+02, 2.743815307617188e+02, 2.744320983886719e+02, 2.744386291503906e+02, 2.742976684570312e+02, 2.742652587890625e+02, 2.743667907714844e+02, 2.744607849121094e+02, 2.74489013671875e+02, 2.745615539550781e+02, 2.748076477050781e+02, 2.751499938964844e+02, 2.755416259765625e+02, 2.759237670898438e+02, 2.761777038574219e+02, 2.763310241699219e+02, 2.764301147460938e+02, 2.764605407714844e+02, 2.7639404296875e+02, 2.762903747558594e+02, 2.7616455078125e+02, 2.760198059082031e+02, 2.758236999511719e+02, 2.755619812011719e+02, 2.753553771972656e+02, 2.751993103027344e+02, 2.751300048828125e+02, 2.750820007324219e+02, 2.750339965820312e+02, 2.749859924316406e+02, 2.749522399902344e+02, 2.751499938964844e+02, 2.753774108886719e+02, 2.755320129394531e+02, 2.756587219238281e+02, 2.756750183105469e+02, 2.755499877929688e+02]
hydraulic.generation.sigBusGen.TGenOutMea=[2.931499938964844e+02, 3.010173645019531e+02, 3.162774353027344e+02, 3.163953552246094e+02, 3.173133850097656e+02, 3.176661987304688e+02, 3.179300537109375e+02, 3.181114196777344e+02, 3.182138671875e+02, 3.182670288085938e+02, 3.182839050292969e+02, 3.182799682617188e+02, 3.182846374511719e+02, 3.182715454101562e+02, 3.182460327148438e+02, 3.189849243164062e+02, 3.195108947753906e+02, 3.193182983398438e+02, 3.191729125976562e+02, 3.2052001953125e+02, 3.201595153808594e+02, 3.201114807128906e+02, 3.201688842773438e+02, 3.202906799316406e+02, 3.204474182128906e+02, 3.206211853027344e+02, 3.201034545898438e+02, 3.19333740234375e+02, 3.186495666503906e+02, 3.18251708984375e+02, 3.180830688476562e+02, 3.172879638671875e+02, 3.178480224609375e+02, 3.181736145019531e+02, 3.182025146484375e+02, 3.182277221679688e+02, 3.18257568359375e+02, 3.182581481933594e+02, 3.181944580078125e+02, 3.180416259765625e+02, 3.178998107910156e+02, 3.178185119628906e+02, 3.178458862304688e+02, 3.180276184082031e+02, 3.182240295410156e+02, 3.183576354980469e+02, 3.18429931640625e+02, 3.184484252929688e+02, 3.184318542480469e+02, 3.183845520019531e+02, 3.183316040039062e+02, 3.183195495605469e+02, 3.183238525390625e+02, 3.182745666503906e+02, 3.181734313964844e+02, 3.180361022949219e+02, 3.171178894042969e+02, 3.178063354492188e+02, 3.178429565429688e+02, 3.177106628417969e+02, 3.175977478027344e+02, 3.17524658203125e+02, 3.174725036621094e+02, 3.174198913574219e+02, 3.17332763671875e+02, 3.172432250976562e+02, 3.171813659667969e+02, 3.171624450683594e+02, 3.172725219726562e+02, 3.173414306640625e+02, 3.172830200195312e+02, 3.171845703125e+02, 3.171367492675781e+02, 3.170668640136719e+02, 3.168508605957031e+02, 3.165227355957031e+02, 3.161354370117188e+02, 3.157459716796875e+02, 3.154720458984375e+02, 3.153122253417969e+02, 3.280481262207031e+02, 3.150375671386719e+02, 3.153948364257812e+02, 3.15458984375e+02, 3.155148620605469e+02, 3.156241455078125e+02, 3.157985534667969e+02, 3.16046875e+02, 3.162596435546875e+02, 3.164096374511719e+02, 3.164884643554688e+02, 3.165423278808594e+02, 3.165859375e+02, 3.166275329589844e+02, 3.166631164550781e+02, 3.165137329101562e+02, 3.162799072265625e+02, 3.161073608398438e+02, 3.159771423339844e+02, 3.159404602050781e+02, 3.160440063476562e+02]
outputs.building.TZone[1]=[2.931499938964844e+02, 2.86599365234375e+02, 2.8845751953125e+02, 2.897527770996094e+02, 2.894932556152344e+02, 2.895026245117188e+02, 2.89511474609375e+02, 2.894994201660156e+02, 2.895037841796875e+02, 2.895177307128906e+02, 2.895304565429688e+02, 2.895479736328125e+02, 2.895924987792969e+02, 2.897080993652344e+02, 2.899386596679688e+02, 2.90705078125e+02, 2.906499938964844e+02, 2.907882995605469e+02, 2.9091650390625e+02, 2.914314575195312e+02, 2.915320129394531e+02, 2.917822875976562e+02, 2.920118103027344e+02, 2.921087646484375e+02, 2.921014099121094e+02, 2.921953735351562e+02, 2.921885375976562e+02, 2.9205712890625e+02, 2.920309448242188e+02, 2.920549621582031e+02, 2.921314697265625e+02, 2.919056091308594e+02, 2.92145263671875e+02, 2.923110046386719e+02, 2.923358154296875e+02, 2.923150329589844e+02, 2.922906799316406e+02, 2.922554016113281e+02, 2.921967163085938e+02, 2.920891723632812e+02, 2.920050964355469e+02, 2.920148620605469e+02, 2.920274047851562e+02, 2.920361328125e+02, 2.920599365234375e+02, 2.920500793457031e+02, 2.920381469726562e+02, 2.920721435546875e+02, 2.921013488769531e+02, 2.921073608398438e+02, 2.92107666015625e+02, 2.921255187988281e+02, 2.921527709960938e+02, 2.921803283691406e+02, 2.9219970703125e+02, 2.922119750976562e+02, 2.919697265625e+02, 2.921580810546875e+02, 2.922532043457031e+02, 2.92271728515625e+02, 2.922760620117188e+02, 2.922862548828125e+02, 2.923020629882812e+02, 2.923929138183594e+02, 2.926031494140625e+02, 2.927744445800781e+02, 2.928581237792969e+02, 2.929336853027344e+02, 2.929883117675781e+02, 2.931212768554688e+02, 2.932375793457031e+02, 2.933085327148438e+02, 2.933567810058594e+02, 2.933374633789062e+02, 2.932839660644531e+02, 2.932418212890625e+02, 2.931832580566406e+02, 2.93124755859375e+02, 2.930938110351562e+02, 2.930884704589844e+02, 2.931182556152344e+02, 2.9307275390625e+02, 2.931841430664062e+02, 2.932233581542969e+02, 2.932362365722656e+02, 2.932535400390625e+02, 2.932641906738281e+02, 2.932698669433594e+02, 2.932405090332031e+02, 2.931522521972656e+02, 2.931029663085938e+02, 2.931259460449219e+02, 2.93137939453125e+02, 2.93130859375e+02, 2.931254272460938e+02, 2.931205444335938e+02, 2.9309375e+02, 2.93082763671875e+02, 2.93079345703125e+02, 2.930646057128906e+02, 2.930643615722656e+02]
electricalGrid.PElecGen=[0e+00, 0e+00]
electricalGrid.PElecLoa=[7.39995166015625e+03, 4.65997265625e+03, 2.268813671875e+04, 5.36412939453125e+03, 5.4452919921875e+03, 5.477185546875e+03, 5.49973876953125e+03, 5.51222265625e+03, 5.51406982421875e+03, 5.51192919921875e+03, 5.50674853515625e+03, 5.50153466796875e+03, 5.50161767578125e+03, 5.49393994140625e+03, 5.4772666015625e+03, 5.5528125e+03, 5.593681640625e+03, 5.56967822265625e+03, 5.55048681640625e+03, 5.6861279296875e+03, 5.66562255859375e+03, 5.679380859375e+03, 5.694681640625e+03, 5.72023095703125e+03, 5.7549013671875e+03, 5.72525244140625e+03, 4.719552734375e+03, 4.115064453125e+03, 3.907394287109375e+03, 3.9436181640625e+03, 4.036300048828125e+03, 5.4919345703125e+03, 5.49154638671875e+03, 4.680357421875e+03, 4.295541503906249e+03, 4.24802392578125e+03, 4.25289013671875e+03, 4.23044140625e+03, 4.149279296875e+03, 4.040898193359375e+03, 4.0098388671875e+03, 4.020650390625e+03, 4.10682080078125e+03, 4.32143798828125e+03, 4.42616796875e+03, 4.43888623046875e+03, 4.416810546875e+03, 4.36994921875e+03, 4.318455078125e+03, 4.26210205078125e+03, 4.228970703125e+03, 4.25368017578125e+03, 4.2625244140625e+03, 4.18989111328125e+03, 4.09597412109375e+03, 4.012955566406249e+03, 5.477504394531251e+03, 4.925064453125008e+03, 4.186654296875e+03, 3.917140625e+03, 3.855929443359375e+03, 3.847341796875e+03, 3.8397470703125e+03, 3.81382373046875e+03, 3.72514697265625e+03, 3.65113427734375e+03, 3.625420166015625e+03, 3.633669677734375e+03, 3.747013183593751e+03, 3.724663330078126e+03, 3.548205322265626e+03, 3.420415283203125e+03, 3.373687255859375e+03, 3.31892626953125e+03, 3.178447509765625e+03, 3.017952880859375e+03, 2.88499560546875e+03, 2.797527587890625e+03, 2.798543212890625e+03, 2.827023681640625e+03, 6.8349296875e+03, 3.86777099609375e+03, 3.239429931640625e+03, 2.99287255859375e+03, 2.959919677734375e+03, 2.993953369140625e+03, 3.058369873046875e+03, 3.14658251953125e+03, 3.182755126953125e+03, 3.2327744140625e+03, 3.246390869140625e+03, 3.2322138671875e+03, 3.23416259765625e+03, 3.252148681640625e+03, 3.263042236328125e+03, 3.12425e+03, 3.02712939453125e+03, 3.015958251953125e+03, 3.01376171875e+03, 3.073629150390625e+03, 3.19227587890625e+03]
