last-generated=2025-12-09
statistics-initialization=
{
  "nonlinear": "5, 8, 1, 0, 1, 2, 0, 1, 1, 0, 1, 1",
  "numerical Jacobians": "0"
}
statistics-simulation=
{
  "linear": "0, 0, 0, 0, 0, 0, 0, 0, 0, 0, 0, 0, 0, 0, 0, 0, 0, 0, 0, 0, 0, 0, 0, 0, 0, 0, 0,   0, 0, 0, 0, 0, 0, 0, 0, 0, 0, 0, 0, 0, 0, 0, 0, 0, 0, 0, 0, 0, 0, 0, 0, 0, 0,   0, 0, 0, 0, 0, 0, 0, 0, 0, 0, 0, 0, 0, 0, 0, 0, 0, 0, 0, 0",
  "nonlinear": "1, 1, 1, 1, 1, 1, 6, 1, 1, 1, 1, 1, 1, 1, 1, 1, 1, 1, 1, 1, 1, 1, 1, 1, 1, 1, 1,   1, 1, 1, 1, 1, 1, 1, 1, 1, 1, 1, 0, 1, 0, 1, 0, 1, 1",
  "number of continuous time states": "244",
  "numerical Jacobians": "0"
}
time=[0e+00, 1.728e+05]
weaDat.weaBus.TDryBul=[2.711499938964844e+02, 2.711964111328125e+02, 2.711585388183594e+02, 2.710329895019531e+02, 2.708773498535156e+02, 2.706598205566406e+02, 2.704615478515625e+02, 2.704500122070312e+02, 2.704500122070312e+02, 2.704500122070312e+02, 2.704500122070312e+02, 2.704904479980469e+02, 2.706648559570312e+02, 2.708219909667969e+02, 2.709660034179688e+02, 2.710835876464844e+02, 2.710487060546875e+02, 2.710967712402344e+02, 2.713839721679688e+02, 2.715577392578125e+02, 2.713986511230469e+02, 2.713771667480469e+02, 2.716394348144531e+02, 2.718602600097656e+02, 2.719464111328125e+02, 2.720499877929688e+02, 2.722364196777344e+02, 2.724353637695312e+02, 2.725456237792969e+02, 2.726259155273438e+02, 2.730393371582031e+02, 2.736041564941406e+02, 2.736746826171875e+02, 2.736636657714844e+02, 2.736180114746094e+02, 2.735700073242188e+02, 2.735389404296875e+02, 2.735155944824219e+02, 2.7335400390625e+02, 2.731619873046875e+02, 2.729700012207031e+02, 2.727780151367188e+02, 2.72593994140625e+02, 2.724955749511719e+02, 2.724342651367188e+02, 2.723796081542969e+02, 2.723463134765625e+02, 2.723376770019531e+02, 2.723522033691406e+02, 2.724003295898438e+02, 2.724500122070312e+02, 2.724666442871094e+02, 2.724525451660156e+02, 2.724020690917969e+02, 2.722803344726562e+02, 2.720899963378906e+02, 2.718980102539062e+02, 2.717059936523438e+02, 2.715140075683594e+02, 2.713631591796875e+02, 2.713411865234375e+02, 2.713729858398438e+02, 2.714293518066406e+02, 2.714556884765625e+02, 2.714446716308594e+02, 2.714856872558594e+02, 2.716668701171875e+02, 2.717514038085938e+02, 2.716672058105469e+02, 2.716678771972656e+02, 2.71758056640625e+02, 2.718697814941406e+02, 2.7200390625e+02, 2.721656494140625e+02, 2.724968872070312e+02, 2.728500061035156e+02, 2.729950561523438e+02, 2.729598999023438e+02, 2.725846862792969e+02, 2.721623229980469e+02, 2.721732788085938e+02, 2.722332153320312e+02, 2.723517456054688e+02, 2.724693908691406e+02, 2.722129516601562e+02, 2.715361633300781e+02, 2.708384399414062e+02, 2.701152648925781e+02, 2.6966552734375e+02, 2.693913269042969e+02, 2.691483459472656e+02, 2.68912841796875e+02, 2.686530456542969e+02, 2.682867126464844e+02, 2.680051879882812e+02, 2.680009765625e+02, 2.679133911132812e+02, 2.676651611328125e+02, 2.674332275390625e+02, 2.672374267578125e+02, 2.670499877929688e+02]
hydraulic.generation.sigBusGen.TGenOutMea=[2.931499938964844e+02, 3.044020080566406e+02, 3.07155517578125e+02, 3.08779052734375e+02, 3.099167175292969e+02, 3.108841857910156e+02, 3.118178405761719e+02, 3.128046569824219e+02, 3.138528442382812e+02, 3.149271850585938e+02, 3.159997863769531e+02, 3.170410766601562e+02, 3.180430908203125e+02, 3.189813842773438e+02, 3.198774108886719e+02, 3.183663940429688e+02, 3.203864135742188e+02, 3.211851196289062e+02, 3.219014282226562e+02, 3.225355834960938e+02, 3.2314794921875e+02, 3.240044555664062e+02, 3.244116821289062e+02, 3.252935485839844e+02, 3.256510620117188e+02, 3.262618408203125e+02, 3.268189086914062e+02, 3.271871643066406e+02, 3.277020263671875e+02, 3.251581726074219e+02, 3.007334289550781e+02, 2.949467163085938e+02, 2.935756225585938e+02, 3.226733093261719e+02, 3.241821594238281e+02, 3.250026245117188e+02, 3.256333312988281e+02, 3.2609912109375e+02, 3.263423461914062e+02, 3.264688415527344e+02, 3.266759948730469e+02, 3.270729370117188e+02, 3.275759887695312e+02, 3.273495788574219e+02, 3.282258605957031e+02, 3.016900329589844e+02, 2.9517333984375e+02, 2.936293640136719e+02, 3.234808349609375e+02, 3.246570129394531e+02, 3.253936767578125e+02, 3.258598022460938e+02, 3.261512451171875e+02, 3.263712463378906e+02, 3.26582275390625e+02, 3.268490600585938e+02, 3.272298583984375e+02, 3.277276916503906e+02, 3.223837890625e+02, 3.000759582519531e+02, 2.947906494140625e+02, 2.935386962890625e+02, 3.222911682128906e+02, 3.238084106445312e+02, 3.247806396484375e+02, 3.227785339355469e+02, 3.248681945800781e+02, 3.254481811523438e+02, 3.257491149902344e+02, 3.259384155273438e+02, 3.263154907226562e+02, 3.274266357421875e+02, 3.164963073730469e+02, 2.986809387207031e+02, 2.944603271484375e+02, 2.934605712890625e+02, 2.932235717773438e+02, 2.931674194335938e+02, 3.173147583007812e+02, 3.194022216796875e+02, 3.210548095703125e+02, 3.222681579589844e+02, 3.245210571289062e+02, 3.263282470703125e+02, 3.280425720214844e+02, 3.039715270996094e+02, 2.957136840820312e+02, 2.937572021484375e+02, 2.932937927246094e+02, 2.931840515136719e+02, 2.931580810546875e+02, 3.176408081054688e+02, 3.173238830566406e+02, 3.171321105957031e+02, 3.18935546875e+02, 3.184697570800781e+02, 3.212443542480469e+02, 3.226024780273438e+02, 3.23636962890625e+02, 3.244257507324219e+02, 3.249985046386719e+02]
outputs.building.TZone[1]=[2.931499938964844e+02, 2.880666809082031e+02, 2.881962890625e+02, 2.882301635742188e+02, 2.882132263183594e+02, 2.881688537597656e+02, 2.88118896484375e+02, 2.881031494140625e+02, 2.881541748046875e+02, 2.882322692871094e+02, 2.883202819824219e+02, 2.884188232421875e+02, 2.885419616699219e+02, 2.887646484375e+02, 2.891605834960938e+02, 2.895170288085938e+02, 2.896956176757812e+02, 2.899761962890625e+02, 2.90228271484375e+02, 2.904799499511719e+02, 2.906521301269531e+02, 2.908247375488281e+02, 2.910335388183594e+02, 2.912279663085938e+02, 2.913392333984375e+02, 2.914125061035156e+02, 2.914985046386719e+02, 2.915533447265625e+02, 2.917621154785156e+02, 2.920008850097656e+02, 2.921051025390625e+02, 2.920797119140625e+02, 2.918104248046875e+02, 2.919065246582031e+02, 2.921009216308594e+02, 2.921952819824219e+02, 2.92263427734375e+02, 2.922937316894531e+02, 2.922652282714844e+02, 2.9217626953125e+02, 2.921252746582031e+02, 2.921871337890625e+02, 2.922599182128906e+02, 2.923139953613281e+02, 2.923387451171875e+02, 2.922359924316406e+02, 2.919897766113281e+02, 2.91566650390625e+02, 2.917423095703125e+02, 2.918965759277344e+02, 2.920086364746094e+02, 2.921066589355469e+02, 2.921849670410156e+02, 2.922482604980469e+02, 2.923028564453125e+02, 2.923532104492188e+02, 2.924117126464844e+02, 2.924834899902344e+02, 2.925675354003906e+02, 2.924999389648438e+02, 2.923229064941406e+02, 2.91933837890625e+02, 2.91952392578125e+02, 2.922373352050781e+02, 2.926188659667969e+02, 2.929296875e+02, 2.930295104980469e+02, 2.932254638671875e+02, 2.933236999511719e+02, 2.934173889160156e+02, 2.935197448730469e+02, 2.937708740234375e+02, 2.939465942382812e+02, 2.938475646972656e+02, 2.936329345703125e+02, 2.934285888671875e+02, 2.9323583984375e+02, 2.930945434570312e+02, 2.929906921386719e+02, 2.929641418457031e+02, 2.930497741699219e+02, 2.931533813476562e+02, 2.932305908203125e+02, 2.932865295410156e+02, 2.932985229492188e+02, 2.932668762207031e+02, 2.931940002441406e+02, 2.931322326660156e+02, 2.930513916015625e+02, 2.929521789550781e+02, 2.928760681152344e+02, 2.927677612304688e+02, 2.925303039550781e+02, 2.92460205078125e+02, 2.924779052734375e+02, 2.925879516601562e+02, 2.926197509765625e+02, 2.927463073730469e+02, 2.928419494628906e+02, 2.928938293457031e+02, 2.929216613769531e+02]
electricalGrid.PElecGen=[0e+00, 0e+00]
electricalGrid.PElecLoa=[4.108041015625e+03, 4.111509765625e+03, 4.11079345703125e+03, 4.1084208984375e+03, 4.105478515625e+03, 4.1013671875e+03, 4.097619140625e+03, 4.1377080078125e+03, 4.23032958984375e+03, 4.32520849609375e+03, 4.4198837890625e+03, 4.51228369140625e+03, 4.603939453125e+03, 4.69136181640625e+03, 4.77497900390625e+03, 4.6412666015625e+03, 4.82316650390625e+03, 4.89714208984375e+03, 4.96703271484375e+03, 5.0285869140625e+03, 5.08347509765625e+03, 5.16080224609375e+03, 5.20679931640625e+03, 5.29001904296875e+03, 5.31070654296875e+03, 5.38446435546875e+03, 5.4404228515625e+03, 5.47916015625e+03, 5.529638671875e+03, 2.591670274734497e+00, 2.591670274734497e+00, 2.591670274734497e+00, 2.591670274734497e+00, 5.07297900390625e+03, 5.21367822265625e+03, 5.29052294921875e+03, 5.349974609375e+03, 5.39378125e+03, 5.41443505859375e+03, 5.42343701171875e+03, 5.44012158203125e+03, 5.47413134765625e+03, 5.51854150390625e+03, 5.501642578125e+03, 5.57735302734375e+03, 2.591670274734497e+00, 2.591670274734497e+00, 2.591670274734497e+00, 5.12882373046875e+03, 5.23948095703125e+03, 5.30943603515625e+03, 5.35347265625e+03, 5.38059033203125e+03, 5.40045654296875e+03, 5.4182607421875e+03, 5.44018017578125e+03, 5.47279052734375e+03, 5.51627197265625e+03, 2.591670274734497e+00, 2.591670274734497e+00, 2.591670274734497e+00, 2.591670274734497e+00, 5.00418701171875e+03, 5.14435400390625e+03, 5.234970703125e+03, 5.05137841796875e+03, 5.2474072265625e+03, 5.30353173828125e+03, 5.330421875000001e+03, 5.348844238281248e+03, 5.387062499999997e+03, 5.49149462890625e+03, 6.492795944213867e+00, 6.118818759918213e+00, 5.958805084228516e+00, 5.902898788452148e+00, 5.909676551818848e+00, 5.954772472381592e+00, 4.5753447265625e+03, 4.7503154296875e+03, 4.90562451171875e+03, 5.0129384765625e+03, 5.22660205078125e+03, 5.39862939453125e+03, 5.55597998046875e+03, 8.88315737247467e-01, 8.862341046333313e-01, 9.038119316101074e-01, 9.509784579277039e-01, 1.058419466018677e+00, 1.223673939704895e+00, 4.54095654296875e+03, 4.51240234375e+03, 4.49659765625e+03, 4.65060107421875e+03, 4.5984326171875e+03, 4.8545166015625e+03, 4.97073583984375e+03, 5.0605498046875e+03, 5.1283740234375e+03, 5.17657470703125e+03]
