last-generated=2025-01-02
statistics-initialization=
{
  "nonlinear": "5, 7, 3, 1, 1, 1, 0, 1, 1, 0, 1, 1, 1",
  "numerical Jacobians": "0"
}
statistics-simulation=
{
  "linear": "0, 0, 0, 0, 0, 0, 0",
  "nonlinear": "2, 1, 1, 1, 1, 6, 0, 0, 1, 1, 1, 0, 1, 0, 1, 0, 1, 1, 1",
  "number of continuous time states": "77",
  "numerical Jacobians": "0"
}
time=[0e+00, 1.728e+05]
electrical.distribution.OutputDistr.PEleGen.value=[0e+00, 0e+00, 0e+00, 0e+00, 0e+00, 0e+00, 0e+00, 0e+00, 0e+00, 0e+00, 0e+00, 0e+00, 0e+00, 0e+00, 0e+00, 0e+00, 0e+00, 0e+00, 0e+00, 0e+00, 0e+00, 0e+00, 0e+00, 0e+00, 0e+00, 0e+00, 0e+00, 0e+00, 0e+00, 0e+00, 0e+00, 0e+00, 0e+00, 0e+00, 0e+00, 0e+00, 0e+00, 0e+00, 0e+00, 0e+00, 0e+00, 0e+00, 0e+00, 0e+00, 0e+00, 0e+00, 0e+00, 0e+00, 0e+00, 0e+00, 0e+00, 0e+00, 0e+00, 0e+00, 0e+00, 0e+00, 0e+00, 0e+00, 0e+00, 0e+00, 0e+00, 0e+00, 0e+00, 0e+00, 0e+00, 0e+00, 0e+00, 0e+00, 0e+00, 0e+00, 0e+00, 0e+00, 0e+00, 0e+00, 0e+00, 0e+00, 0e+00, 0e+00, 0e+00, 0e+00, 0e+00, 0e+00, 0e+00, 0e+00, 0e+00, 0e+00, 0e+00, 0e+00, 0e+00, 0e+00, 0e+00, 0e+00, 0e+00, 0e+00, 0e+00, 0e+00, 0e+00, 0e+00, 0e+00, 0e+00, 0e+00]
electrical.distribution.OutputDistr.PEleLoa.value=[2.003132934570312e+03, 2.734649169921875e+03, 1.5976611328125e+04, 3.5871259765625e+03, 3.81861474609375e+03, 3.783103759765625e+03, 3.751622802734375e+03, 3.7200283203125e+03, 3.684619384765625e+03, 1.57138564453125e+04, 3.815245849609375e+03, 3.7303388671875e+03, 3.67755712890625e+03, 3.819815185546875e+03, 3.771994873046875e+03, 3.683737060546875e+03, 1.5726142578125e+04, 3.84489013671875e+03, 3.7370673828125e+03, 1.5494619140625e+04, 3.394021484375e+03, 2.72978076171875e+03, 2.359235595703125e+03, 2.626455810546875e+03, 2.884215576171875e+03, 4.1582666015625e+03, 1.46972392578125e+04, 2.633420654296875e+03, 2.8479326171875e+03, 2.911979248046875e+03, 2.98996044921875e+03, 3.064197998046875e+03, 3.136296142578125e+03, 3.297593505859375e+03, 3.426427734375e+03, 3.467083740234375e+03, 3.48065283203125e+03, 3.4761728515625e+03, 3.4476748046875e+03, 3.394364013671875e+03, 3.366550048828125e+03, 3.359331787109375e+03, 3.392533203125e+03, 3.473857666015625e+03, 3.5166591796875e+03, 3.537054931640625e+03, 3.5446044921875e+03, 3.5384267578125e+03, 3.525041748046875e+03, 3.505763671875e+03, 3.493358154296875e+03, 3.50161328125e+03, 3.24531494140625e+03, 3.46428759765625e+03, 3.473488525390625e+03, 3.415275146484375e+03, 3.36411474609375e+03, 3.334466552734375e+03, 3.3165927734375e+03, 3.311031005859375e+03, 3.30140380859375e+03, 3.28943408203125e+03, 3.27689599609375e+03, 3.25912548828125e+03, 3.220510498046875e+03, 3.192098876953125e+03, 3.177966064453125e+03, 3.17672998046875e+03, 3.110318847656248e+03, 2.822547607421878e+03, 2.455955078125003e+03, 1.986305053710938e+03, 1.84182421875e+03, 2.044513549804688e+03, 2.19270703125e+03, 2.95842041015625e+03, 2.467869873046875e+03, 2.397402587890625e+03, 2.444604248046875e+03, 2.44725537109375e+03, 2.396662109375e+03, 2.486653076171875e+03, 2.623352294921875e+03, 2.72513720703125e+03, 2.7818740234375e+03, 2.813848388671875e+03, 2.8615390625e+03, 2.926904541015625e+03, 2.96494287109375e+03, 2.98685986328125e+03, 2.984090576171875e+03, 2.9849287109375e+03, 2.991615234375e+03, 3.00137890625e+03, 3.0064375e+03, 2.929946044921875e+03, 2.8705654296875e+03, 2.8463642578125e+03, 2.82739306640625e+03, 2.843474365234375e+03, 2.896472900390625e+03]
hydraulic.distribution.sigBusDistr.TStoDHWTopMea=[3.231499938964844e+02, 3.333747253417969e+02, 3.331353759765625e+02, 3.328980102539062e+02, 3.326624450683594e+02, 3.324287109375e+02, 3.3219677734375e+02, 3.319666748046875e+02, 3.317383117675781e+02, 3.315118408203125e+02, 3.312870788574219e+02, 3.310640258789062e+02, 3.308426208496094e+02, 3.306230773925781e+02, 3.304051208496094e+02, 3.286396484375e+02, 3.281612243652344e+02, 3.276588745117188e+02, 3.268006896972656e+02, 3.258452453613281e+02, 3.25227783203125e+02, 3.250141906738281e+02, 3.243899230957031e+02, 3.241802368164062e+02, 3.237161560058594e+02, 3.259209594726562e+02, 3.333086547851562e+02, 3.327811889648438e+02, 3.325448303222656e+02, 3.32310302734375e+02, 3.320776062011719e+02, 3.317510375976562e+02, 3.315219421386719e+02, 3.312015991210938e+02, 3.309757995605469e+02, 3.306580810546875e+02, 3.304353332519531e+02, 3.302142333984375e+02, 3.299021606445312e+02, 3.29455810546875e+02, 3.290999755859375e+02, 3.288828430175781e+02, 3.286672973632812e+02, 3.271466064453125e+02, 3.269306335449219e+02, 3.209769592285156e+02, 3.199769287109375e+02, 3.197811279296875e+02, 3.195870666503906e+02, 3.193947143554688e+02, 3.192040100097656e+02, 3.334660034179688e+02, 3.332247924804688e+02, 3.329854431152344e+02, 3.327479858398438e+02, 3.325124206542969e+02, 3.322786560058594e+02, 3.320466918945312e+02, 3.318165588378906e+02, 3.315881958007812e+02, 3.31361572265625e+02, 3.3113671875e+02, 3.3091357421875e+02, 3.306921691894531e+02, 3.30472412109375e+02, 3.283754272460938e+02, 3.278743896484375e+02, 3.273503112792969e+02, 3.264519348144531e+02, 3.254609069824219e+02, 3.248280029296875e+02, 3.246155395507812e+02, 3.239776306152344e+02, 3.23769287109375e+02, 3.232982482910156e+02, 3.334241333007812e+02, 3.33183349609375e+02, 3.326438903808594e+02, 3.324078369140625e+02, 3.321736145019531e+02, 3.319411926269531e+02, 3.316080017089844e+02, 3.31379150390625e+02, 3.310508728027344e+02, 3.308252563476562e+02, 3.304984436035156e+02, 3.302758483886719e+02, 3.30054931640625e+02, 3.297326965332031e+02, 3.292633972167969e+02, 3.288951110839844e+02, 3.286781921386719e+02, 3.284629211425781e+02, 3.2685791015625e+02, 3.266426086425781e+02, 3.205567321777344e+02, 3.195516967773438e+02, 3.193580322265625e+02, 3.191660461425781e+02, 3.189757995605469e+02, 3.187872009277344e+02]
hydraulic.distribution.sigBusDistr.TStoBufTopMea=[2.931499938964844e+02, 3.002439270019531e+02, 3.162960510253906e+02, 3.178840942382812e+02, 3.17507568359375e+02, 3.17092529296875e+02, 3.167361145019531e+02, 3.164122009277344e+02, 3.160835571289062e+02, 3.214147644042969e+02, 3.187333984375e+02, 3.174357604980469e+02, 3.165403747558594e+02, 3.207411499023438e+02, 3.187001342773438e+02, 3.172860412597656e+02, 3.230271606445312e+02, 3.201956481933594e+02, 3.184024658203125e+02, 3.219661560058594e+02, 3.211494140625e+02, 3.193782958984375e+02, 3.183495178222656e+02, 3.177948303222656e+02, 3.175592041015625e+02, 3.122275085449219e+02, 3.170907897949219e+02, 3.171566162109375e+02, 3.168789978027344e+02, 3.166941223144531e+02, 3.165697326660156e+02, 3.164951782226562e+02, 3.164650268554688e+02, 3.164561767578125e+02, 3.164867248535156e+02, 3.165655822753906e+02, 3.166347961425781e+02, 3.1665673828125e+02, 3.166181640625e+02, 3.165056457519531e+02, 3.163818969726562e+02, 3.162969970703125e+02, 3.162904357910156e+02, 3.164185791015625e+02, 3.165899963378906e+02, 3.167107849121094e+02, 3.167845458984375e+02, 3.1681201171875e+02, 3.168095397949219e+02, 3.167781677246094e+02, 3.167339782714844e+02, 3.117435607910156e+02, 3.165713500976562e+02, 3.163360290527344e+02, 3.164723205566406e+02, 3.16466064453125e+02, 3.163678894042969e+02, 3.162576293945312e+02, 3.161640319824219e+02, 3.161041564941406e+02, 3.160611572265625e+02, 3.160210876464844e+02, 3.159808349609375e+02, 3.159371948242188e+02, 3.158661804199219e+02, 3.157867736816406e+02, 3.157322387695312e+02, 3.157088928222656e+02, 3.157817077636719e+02, 3.158631896972656e+02, 3.158333129882812e+02, 3.157561340332031e+02, 3.157114562988281e+02, 3.15668701171875e+02, 3.155182495117188e+02, 3.125506896972656e+02, 3.1473583984375e+02, 3.146133117675781e+02, 3.143441772460938e+02, 3.141515808105469e+02, 3.14037353515625e+02, 3.139838562011719e+02, 3.140090637207031e+02, 3.140849304199219e+02, 3.141880187988281e+02, 3.143077087402344e+02, 3.144567260742188e+02, 3.14662841796875e+02, 3.148632202148438e+02, 3.150224609375e+02, 3.151175231933594e+02, 3.151678161621094e+02, 3.152091979980469e+02, 3.15249267578125e+02, 3.152868957519531e+02, 3.152038879394531e+02, 3.150110473632812e+02, 3.148515319824219e+02, 3.147259826660156e+02, 3.146650085449219e+02, 3.147182922363281e+02]
hydraulic.generation.sigBusGen.TGenOutMea=[2.931499938964844e+02, 3.03064208984375e+02, 3.208579406738281e+02, 3.193030700683594e+02, 3.190563049316406e+02, 3.186449279785156e+02, 3.182874450683594e+02, 3.179532165527344e+02, 3.176061096191406e+02, 3.2517041015625e+02, 3.199926452636719e+02, 3.18771240234375e+02, 3.179413452148438e+02, 3.21411376953125e+02, 3.198832397460938e+02, 3.185704040527344e+02, 3.266336975097656e+02, 3.212733764648438e+02, 3.196181030273438e+02, 3.255290222167969e+02, 3.222349853515625e+02, 3.206487426757812e+02, 3.197521057128906e+02, 3.192952270507812e+02, 3.191411743164062e+02, 3.322732238769531e+02, 3.211403198242188e+02, 3.185523376464844e+02, 3.183890686035156e+02, 3.182060241699219e+02, 3.180877685546875e+02, 3.180187072753906e+02, 3.179939575195312e+02, 3.179915771484375e+02, 3.180419616699219e+02, 3.181413879394531e+02, 3.182073669433594e+02, 3.18216796875e+02, 3.181545715332031e+02, 3.180124816894531e+02, 3.178851928710938e+02, 3.178097534179688e+02, 3.178377990722656e+02, 3.180195617675781e+02, 3.181991577148438e+02, 3.183145141601562e+02, 3.183783874511719e+02, 3.183955078125e+02, 3.183818969726562e+02, 3.183382873535156e+02, 3.182904357910156e+02, 3.136629333496094e+02, 3.174497375488281e+02, 3.179252014160156e+02, 3.180545654296875e+02, 3.179984130859375e+02, 3.178710632324219e+02, 3.17753173828125e+02, 3.176601867675781e+02, 3.176065063476562e+02, 3.175628662109375e+02, 3.175194091796875e+02, 3.174752502441406e+02, 3.174237060546875e+02, 3.173333435058594e+02, 3.172460327148438e+02, 3.171926574707031e+02, 3.171782531738281e+02, 3.17288818359375e+02, 3.173486938476562e+02, 3.172743835449219e+02, 3.17179443359375e+02, 3.171396789550781e+02, 3.170789489746094e+02, 3.16873046875e+02, 3.149473876953125e+02, 3.16233642578125e+02, 3.15898193359375e+02, 3.156050720214844e+02, 3.154296875e+02, 3.153290710449219e+02, 3.15292724609375e+02, 3.153443908691406e+02, 3.154389343261719e+02, 3.1555615234375e+02, 3.15689697265625e+02, 3.158637084960938e+02, 3.161007080078125e+02, 3.163048706054688e+02, 3.164593811035156e+02, 3.165359802246094e+02, 3.165797119140625e+02, 3.1662158203125e+02, 3.166642150878906e+02, 3.166990966796875e+02, 3.165520629882812e+02, 3.163324584960938e+02, 3.16175048828125e+02, 3.160519409179688e+02, 3.160183410644531e+02, 3.161165466308594e+02]
ventilation.generation.TSup.T=[2.931499938964844e+02, 2.846462707519531e+02, 2.856121520996094e+02, 2.858288879394531e+02, 2.856480407714844e+02, 2.855024108886719e+02, 2.853604431152344e+02, 2.85200927734375e+02, 2.850456237792969e+02, 2.852485046386719e+02, 2.851061706542969e+02, 2.849541931152344e+02, 2.849042053222656e+02, 2.85296142578125e+02, 2.850661926269531e+02, 2.850225219726562e+02, 2.854957275390625e+02, 2.855594482421875e+02, 2.855176391601562e+02, 2.858070983886719e+02, 2.862657775878906e+02, 2.864944152832031e+02, 2.866777648925781e+02, 2.868121337890625e+02, 2.869013061523438e+02, 2.868739013671875e+02, 2.869681091308594e+02, 2.873112182617188e+02, 2.874854431152344e+02, 2.876453857421875e+02, 2.877715148925781e+02, 2.878829956054688e+02, 2.879268493652344e+02, 2.879340209960938e+02, 2.878906860351562e+02, 2.878183898925781e+02, 2.877555236816406e+02, 2.876953125e+02, 2.876767272949219e+02, 2.877183532714844e+02, 2.877502136230469e+02, 2.877749328613281e+02, 2.877701721191406e+02, 2.877161560058594e+02, 2.87671875e+02, 2.876035766601562e+02, 2.875492553710938e+02, 2.875600280761719e+02, 2.875796813964844e+02, 2.875906982421875e+02, 2.875981750488281e+02, 2.87142822265625e+02, 2.876170349121094e+02, 2.876015014648438e+02, 2.876560668945312e+02, 2.877092590332031e+02, 2.877554321289062e+02, 2.877915649414062e+02, 2.878215637207031e+02, 2.878432312011719e+02, 2.87865478515625e+02, 2.878880004882812e+02, 2.879104919433594e+02, 2.879573059082031e+02, 2.880557861328125e+02, 2.881483459472656e+02, 2.882301635742188e+02, 2.882962646484375e+02, 2.883080444335938e+02, 2.883966369628906e+02, 2.885132141113281e+02, 2.886069030761719e+02, 2.886748352050781e+02, 2.886939392089844e+02, 2.887072143554688e+02, 2.884637756347656e+02, 2.887723693847656e+02, 2.888366394042969e+02, 2.888826599121094e+02, 2.889186401367188e+02, 2.889678039550781e+02, 2.890043334960938e+02, 2.890037231445312e+02, 2.889898071289062e+02, 2.889713134765625e+02, 2.8894970703125e+02, 2.889103393554688e+02, 2.888472900390625e+02, 2.88804443359375e+02, 2.887831726074219e+02, 2.887802124023438e+02, 2.887837829589844e+02, 2.887824096679688e+02, 2.887641906738281e+02, 2.887475891113281e+02, 2.887763977050781e+02, 2.888051452636719e+02, 2.888366088867188e+02, 2.888649597167969e+02, 2.888562622070312e+02, 2.888194580078125e+02]
ventilation.generation.weaBus.TDryBul=[2.713500061035156e+02, 2.714423522949219e+02, 2.713688049316406e+02, 2.711300048828125e+02, 2.708900146484375e+02, 2.706499938964844e+02, 2.704100036621094e+02, 2.701031188964844e+02, 2.696802062988281e+02, 2.693132629394531e+02, 2.689815979003906e+02, 2.687498474121094e+02, 2.687302856445312e+02, 2.684281311035156e+02, 2.677860412597656e+02, 2.674700012207031e+02, 2.672780151367188e+02, 2.670859985351562e+02, 2.668940124511719e+02, 2.667543640136719e+02, 2.674586791992188e+02, 2.682342834472656e+02, 2.686448669433594e+02, 2.692129211425781e+02, 2.700237121582031e+02, 2.708500061035156e+02, 2.716349792480469e+02, 2.723893127441406e+02, 2.729895324707031e+02, 2.733184814453125e+02, 2.734673461914062e+02, 2.735424194335938e+02, 2.735648498535156e+02, 2.73562255859375e+02, 2.734952392578125e+02, 2.733829650878906e+02, 2.733241271972656e+02, 2.733239440917969e+02, 2.734044799804688e+02, 2.735684204101562e+02, 2.736940002441406e+02, 2.737637023925781e+02, 2.737111511230469e+02, 2.734936828613281e+02, 2.733190002441406e+02, 2.73205322265625e+02, 2.731450805664062e+02, 2.731335754394531e+02, 2.7315283203125e+02, 2.732023315429688e+02, 2.7325e+02, 2.732466735839844e+02, 2.732464294433594e+02, 2.733169860839844e+02, 2.734288940429688e+02, 2.735700073242188e+02, 2.737182312011719e+02, 2.738376770019531e+02, 2.739303588867188e+02, 2.739819946289062e+02, 2.740299987792969e+02, 2.740780029296875e+02, 2.741260070800781e+02, 2.741852416992188e+02, 2.742919921875e+02, 2.743815307617188e+02, 2.744320983886719e+02, 2.744386291503906e+02, 2.742976684570312e+02, 2.742652587890625e+02, 2.743667907714844e+02, 2.744607849121094e+02, 2.74489013671875e+02, 2.745615539550781e+02, 2.748076477050781e+02, 2.751499938964844e+02, 2.755416259765625e+02, 2.759237670898438e+02, 2.761777038574219e+02, 2.763310241699219e+02, 2.764301147460938e+02, 2.764605407714844e+02, 2.7639404296875e+02, 2.762903747558594e+02, 2.7616455078125e+02, 2.760198059082031e+02, 2.758236999511719e+02, 2.755619812011719e+02, 2.753553771972656e+02, 2.751993103027344e+02, 2.751300048828125e+02, 2.750820007324219e+02, 2.750339965820312e+02, 2.749859924316406e+02, 2.749522399902344e+02, 2.751499938964844e+02, 2.753774108886719e+02, 2.755320129394531e+02, 2.756587219238281e+02, 2.756750183105469e+02, 2.755499877929688e+02]
building.buiMeaBus.TZoneMea[1]=[2.931499938964844e+02, 2.87949951171875e+02, 2.89178955078125e+02, 2.895005798339844e+02, 2.893365783691406e+02, 2.89214599609375e+02, 2.890971374511719e+02, 2.889742736816406e+02, 2.888863830566406e+02, 2.892359924316406e+02, 2.891360473632812e+02, 2.890046081542969e+02, 2.889473571777344e+02, 2.895139770507812e+02, 2.893858642578125e+02, 2.894112548828125e+02, 2.900552673339844e+02, 2.901773986816406e+02, 2.901739501953125e+02, 2.905777282714844e+02, 2.909672241210938e+02, 2.910605773925781e+02, 2.91186767578125e+02, 2.912117004394531e+02, 2.911207275390625e+02, 2.908726501464844e+02, 2.908090209960938e+02, 2.910407104492188e+02, 2.911104736328125e+02, 2.912279663085938e+02, 2.913485107421875e+02, 2.91468994140625e+02, 2.915174255371094e+02, 2.915270385742188e+02, 2.914890441894531e+02, 2.914268188476562e+02, 2.913628234863281e+02, 2.912876281738281e+02, 2.912449035644531e+02, 2.912559509277344e+02, 2.91264404296875e+02, 2.912778625488281e+02, 2.912848510742188e+02, 2.912716674804688e+02, 2.912597351074219e+02, 2.912026977539062e+02, 2.911502685546875e+02, 2.911668395996094e+02, 2.911864929199219e+02, 2.911878051757812e+02, 2.911852416992188e+02, 2.906192016601562e+02, 2.912124633789062e+02, 2.911729431152344e+02, 2.912131652832031e+02, 2.912442932128906e+02, 2.91264892578125e+02, 2.912801818847656e+02, 2.912945251464844e+02, 2.913086853027344e+02, 2.91324462890625e+02, 2.913406677246094e+02, 2.913567504882812e+02, 2.914010620117188e+02, 2.914974670410156e+02, 2.915907287597656e+02, 2.916803894042969e+02, 2.917610473632812e+02, 2.918112487792969e+02, 2.919304809570312e+02, 2.920505981445312e+02, 2.921441345214844e+02, 2.922217712402344e+02, 2.922268981933594e+02, 2.921819763183594e+02, 2.91794677734375e+02, 2.920799255371094e+02, 2.92064697265625e+02, 2.920589294433594e+02, 2.920657043457031e+02, 2.921026000976562e+02, 2.921405639648438e+02, 2.921561889648438e+02, 2.921647338867188e+02, 2.921730346679688e+02, 2.921822814941406e+02, 2.92181884765625e+02, 2.921685180664062e+02, 2.921668090820312e+02, 2.921792297363281e+02, 2.921929321289062e+02, 2.922093505859375e+02, 2.922194519042969e+02, 2.922086486816406e+02, 2.921963500976562e+02, 2.921829223632812e+02, 2.921620788574219e+02, 2.921628112792969e+02, 2.9216650390625e+02, 2.921514282226562e+02, 2.9213671875e+02]
