last-generated=2025-01-02
statistics-initialization=
{
  "nonlinear": "5, 7, 1, 0, 1, 1, 0, 1, 1, 0, 1, 1",
  "numerical Jacobians": "0"
}
statistics-simulation=
{
  "linear": "0, 0, 0, 0, 0, 0, 0, 0, 0, 0, 0, 0, 0, 0, 0, 0, 0, 0, 0, 0, 0, 0, 0, 0, 0, 0, 0,   0, 0, 0, 0, 0, 0, 0, 0, 0, 0, 0, 0, 0, 0, 0, 0, 0, 0, 0, 0, 0, 0, 0, 0, 0, 0,   0, 0, 0, 0, 0, 0, 0, 0, 0, 0, 0, 0, 0, 0, 0, 0, 0, 0, 0, 0",
  "nonlinear": "1, 1, 1, 1, 1, 1, 6, 1, 1, 1, 1, 1, 1, 1, 1, 1, 1, 1, 1, 1, 1, 1, 1, 1, 1, 1, 1,   1, 1, 1, 1, 1, 1, 1, 1, 1, 1, 1, 0, 1, 0, 1, 0, 1, 1",
  "number of continuous time states": "246",
  "numerical Jacobians": "0"
}
time=[0e+00, 1.728e+05]
weaDat.weaBus.TDryBul=[2.711499938964844e+02, 2.711964111328125e+02, 2.711585388183594e+02, 2.710329895019531e+02, 2.708773498535156e+02, 2.706598205566406e+02, 2.704615478515625e+02, 2.704500122070312e+02, 2.704500122070312e+02, 2.704500122070312e+02, 2.704500122070312e+02, 2.704904479980469e+02, 2.706648559570312e+02, 2.708219909667969e+02, 2.709660034179688e+02, 2.710835876464844e+02, 2.710487060546875e+02, 2.710967712402344e+02, 2.713839721679688e+02, 2.715577392578125e+02, 2.713986511230469e+02, 2.713771667480469e+02, 2.716394348144531e+02, 2.718602600097656e+02, 2.719464111328125e+02, 2.720499877929688e+02, 2.722364196777344e+02, 2.724353637695312e+02, 2.725456237792969e+02, 2.726259155273438e+02, 2.730393371582031e+02, 2.736041564941406e+02, 2.736746826171875e+02, 2.736636657714844e+02, 2.736180114746094e+02, 2.735700073242188e+02, 2.735389404296875e+02, 2.735155944824219e+02, 2.7335400390625e+02, 2.731619873046875e+02, 2.729700012207031e+02, 2.727780151367188e+02, 2.72593994140625e+02, 2.724955749511719e+02, 2.724342651367188e+02, 2.723796081542969e+02, 2.723463134765625e+02, 2.723376770019531e+02, 2.723522033691406e+02, 2.724003295898438e+02, 2.724500122070312e+02, 2.724666442871094e+02, 2.724525451660156e+02, 2.724020690917969e+02, 2.722803344726562e+02, 2.720899963378906e+02, 2.718980102539062e+02, 2.717059936523438e+02, 2.715140075683594e+02, 2.713631591796875e+02, 2.713411865234375e+02, 2.713729858398438e+02, 2.714293518066406e+02, 2.714556884765625e+02, 2.714446716308594e+02, 2.714856872558594e+02, 2.716668701171875e+02, 2.717514038085938e+02, 2.716672058105469e+02, 2.716678771972656e+02, 2.71758056640625e+02, 2.718697814941406e+02, 2.7200390625e+02, 2.721656494140625e+02, 2.724968872070312e+02, 2.728500061035156e+02, 2.729950561523438e+02, 2.729598999023438e+02, 2.725846862792969e+02, 2.721623229980469e+02, 2.721732788085938e+02, 2.722332153320312e+02, 2.723517456054688e+02, 2.724693908691406e+02, 2.722129516601562e+02, 2.715361633300781e+02, 2.708384399414062e+02, 2.701152648925781e+02, 2.6966552734375e+02, 2.693913269042969e+02, 2.691483459472656e+02, 2.68912841796875e+02, 2.686530456542969e+02, 2.682867126464844e+02, 2.680051879882812e+02, 2.680009765625e+02, 2.679133911132812e+02, 2.676651611328125e+02, 2.674332275390625e+02, 2.672374267578125e+02, 2.670499877929688e+02]
hydraulic.generation.sigBusGen.TGenOutMea=[2.931499938964844e+02, 3.035914306640625e+02, 3.056485290527344e+02, 3.068233337402344e+02, 3.078915405273438e+02, 3.091469116210938e+02, 3.105895080566406e+02, 3.121033020019531e+02, 3.135831909179688e+02, 3.148982238769531e+02, 3.160449829101562e+02, 3.170657958984375e+02, 3.180439453125e+02, 3.190094604492188e+02, 3.200008850097656e+02, 3.183990173339844e+02, 3.206345825195312e+02, 3.215978393554688e+02, 3.224565734863281e+02, 3.232040710449219e+02, 3.238778381347656e+02, 3.248067321777344e+02, 3.251926574707031e+02, 3.26142578125e+02, 3.26547607421875e+02, 3.272356567382812e+02, 3.279090881347656e+02, 3.104367980957031e+02, 2.972455749511719e+02, 2.941202697753906e+02, 2.933798522949219e+02, 3.21560791015625e+02, 3.224848937988281e+02, 3.230481567382812e+02, 3.236084899902344e+02, 3.241897277832031e+02, 3.250664367675781e+02, 3.260738220214844e+02, 3.268827209472656e+02, 3.2745703125e+02, 3.279678344726562e+02, 3.077207641601562e+02, 2.966017150878906e+02, 2.939678344726562e+02, 2.9334375e+02, 3.191571350097656e+02, 3.212330322265625e+02, 3.22015380859375e+02, 3.22764892578125e+02, 3.235877380371094e+02, 3.245142822265625e+02, 3.254564208984375e+02, 3.263142700195312e+02, 3.270502624511719e+02, 3.276812744140625e+02, 3.262296142578121e+02, 3.009872436523437e+02, 2.950064392089844e+02, 2.935897521972656e+02, 3.216433410644531e+02, 3.218670654296875e+02, 3.224935913085938e+02, 3.230134887695312e+02, 3.235696411132812e+02, 3.243551635742188e+02, 3.223982543945312e+02, 3.250590515136719e+02, 3.261564636230469e+02, 3.269774475097656e+02, 3.275909118652344e+02, 3.148946533203128e+02, 2.983016967773438e+02, 2.943705749511719e+02, 3.233662719726562e+02, 3.223369750976562e+02, 3.228587646484375e+02, 3.234421997070312e+02, 3.2409375e+02, 3.251943359375e+02, 3.261180114746094e+02, 3.272200622558594e+02, 3.278677062988281e+02, 3.050210876464844e+02, 2.959623718261719e+02, 2.938162231445312e+02, 2.933078002929688e+02, 2.931873779296875e+02, 2.931588439941406e+02, 2.93152099609375e+02, 3.167085571289062e+02, 3.169147033691406e+02, 3.175035705566406e+02, 3.185962219238281e+02, 3.193450622558594e+02, 3.212099304199219e+02, 3.199889526367188e+02, 3.223949279785156e+02, 3.2336962890625e+02, 3.241731872558594e+02, 3.248837280273438e+02, 3.255275268554688e+02]
outputs.building.TZone[1]=[2.931499938964844e+02, 2.879797973632812e+02, 2.880368957519531e+02, 2.880089721679688e+02, 2.879508666992188e+02, 2.878950500488281e+02, 2.878604736328125e+02, 2.878757934570312e+02, 2.8795703125e+02, 2.880575866699219e+02, 2.881530456542969e+02, 2.882473449707031e+02, 2.88360107421875e+02, 2.885739135742188e+02, 2.889658813476562e+02, 2.893286437988281e+02, 2.895069274902344e+02, 2.897865600585938e+02, 2.900469970703125e+02, 2.903059387207031e+02, 2.904843444824219e+02, 2.906578063964844e+02, 2.908657836914062e+02, 2.910570678710938e+02, 2.911705627441406e+02, 2.912477416992188e+02, 2.913408813476562e+02, 2.91402099609375e+02, 2.914515075683594e+02, 2.91469482421875e+02, 2.913211975097656e+02, 2.913963928222656e+02, 2.915962219238281e+02, 2.917055358886719e+02, 2.917755432128906e+02, 2.918022766113281e+02, 2.918534545898438e+02, 2.919111938476562e+02, 2.919345092773438e+02, 2.918935546875e+02, 2.918852844238281e+02, 2.919425354003906e+02, 2.918529968261719e+02, 2.916767272949219e+02, 2.913161315917969e+02, 2.911868896484375e+02, 2.911039428710938e+02, 2.911876220703125e+02, 2.912769775390625e+02, 2.913545227050781e+02, 2.914439392089844e+02, 2.91562744140625e+02, 2.916859436035156e+02, 2.918016967773438e+02, 2.9190478515625e+02, 2.9199560546875e+02, 2.919920959472656e+02, 2.918775634765625e+02, 2.916565856933594e+02, 2.912858276367188e+02, 2.914259338378906e+02, 2.915069274902344e+02, 2.915832824707031e+02, 2.917381591796875e+02, 2.9205419921875e+02, 2.923583679199219e+02, 2.924820556640625e+02, 2.927228698730469e+02, 2.928905639648438e+02, 2.930658569335938e+02, 2.932505187988281e+02, 2.934363098144531e+02, 2.935576477050781e+02, 2.933987121582031e+02, 2.935815734863281e+02, 2.936531372070312e+02, 2.936803894042969e+02, 2.936656188964844e+02, 2.936509704589844e+02, 2.935959167480469e+02, 2.934893493652344e+02, 2.933601684570312e+02, 2.932667541503906e+02, 2.932026062011719e+02, 2.931658935546875e+02, 2.931446228027344e+02, 2.931256408691406e+02, 2.931061706542969e+02, 2.930384521484375e+02, 2.928397827148438e+02, 2.924988708496094e+02, 2.924501953125e+02, 2.924705505371094e+02, 2.925035705566406e+02, 2.925380859375e+02, 2.92612060546875e+02, 2.925767517089844e+02, 2.926474914550781e+02, 2.927045593261719e+02, 2.927316589355469e+02, 2.927506103515625e+02]
electricalGrid.PElecGen=[0e+00, 0e+00]
electricalGrid.PElecLoa=[4.08033447265625e+03, 4.082130126953125e+03, 4.08141845703125e+03, 4.079061767578125e+03, 4.076139404296875e+03, 4.0720556640625e+03, 4.068333251953125e+03, 4.0681162109375e+03, 4.17705615234375e+03, 4.2920771484375e+03, 4.39241357421875e+03, 4.48230224609375e+03, 4.57131591796875e+03, 4.66070703125e+03, 4.7525185546875e+03, 4.61216162109375e+03, 4.81184521484375e+03, 4.9006396484375e+03, 4.98302490234375e+03, 5.05469384765625e+03, 5.1156357421875e+03, 5.1991630859375e+03, 5.24283837890625e+03, 5.33219921875e+03, 5.35651171875e+03, 5.43812548828125e+03, 5.5045380859375e+03, 9.248821139335632e-01, 9.248821139335632e-01, 9.248821139335632e-01, 9.248821139335632e-01, 4.93121826171875e+03, 5.017658203125e+03, 5.06941015625e+03, 5.1215595703125e+03, 5.17628759765625e+03, 5.2592880859375e+03, 5.35437353515625e+03, 5.4284111328125e+03, 5.47942724609375e+03, 5.52430859375e+03, 9.248821139335632e-01, 9.248821139335632e-01, 9.248821139335632e-01, 9.248821139335632e-01, 4.68255126953125e+03, 4.883755859375e+03, 4.95545166015625e+03, 5.0244638671875e+03, 5.10196630859375e+03, 5.18995556640625e+03, 5.27871630859375e+03, 5.35890771484375e+03, 5.42696630859375e+03, 5.4838427734375e+03, 9.248821139335632e-01, 9.248821139335632e-01, 9.248821139335632e-01, 9.248821139335632e-01, 4.9034091796875e+03, 4.92704345703125e+03, 4.9841748046875e+03, 5.03235986328125e+03, 5.08490283203125e+03, 5.1584716796875e+03, 4.98229833984375e+03, 5.229173828125e+03, 5.33378515625e+03, 5.408746093750001e+03, 5.466490234374997e+03, 9.23763632774353e-01, 9.20502781867981e-01, 4.815288543701172e+01, 5.1195126953125e+03, 5.0215517578125e+03, 5.08766259765625e+03, 5.1444404296875e+03, 5.206560546875e+03, 5.3033017578125e+03, 5.38252392578125e+03, 5.486560546875e+03, 5.5022568359375e+03, 3.965685665607452e-01, 3.909105658531189e-01, 3.930137455463409e-01, 3.997401595115662e-01, 4.128251075744629e-01, 4.351744949817657e-01, 4.97738778591156e-01, 4.4366806640625e+03, 4.45226806640625e+03, 4.50121533203125e+03, 4.5959912109375e+03, 4.66261962890625e+03, 4.81873681640625e+03, 4.69830908203125e+03, 4.921134765625e+03, 5.0047060546875e+03, 5.07308349609375e+03, 5.13356689453125e+03, 5.18801171875e+03]
