last-generated=2025-01-03
statistics-initialization=
{
  "linear": "0, 0, 0, 0, 0, 0, 0, 0, 0, 0, 0, 0, 0, 0, 0, 0, 0, 0, 0, 0, 0, 0, 0, 0, 0, 0, 0,   0, 0, 0, 0, 0, 0, 0, 0, 0, 0, 0, 0, 0, 0, 0, 0, 0, 0, 0, 0, 0, 0, 0, 0, 0, 0,   0, 0, 0, 0, 0, 0, 0, 0",
  "nonlinear": "5, 5, 5, 5, 5, 5, 5, 5, 5, 5, 3, 1, 10, 0, 0, 0, 0, 0, 0, 0, 0, 0, 0, 1, 1",
  "numerical Jacobians": "0"
}
statistics-simulation=
{
  "linear": "0, 0, 0, 0, 0, 0, 0, 0, 0, 0, 0, 0, 0, 0, 0, 0, 0, 0, 0, 0, 0, 0, 0, 0, 0, 0, 0,   0, 0, 0, 0, 0, 0, 0, 0, 0, 0, 0, 0, 0, 0, 0, 0, 0, 0, 0, 0, 0, 0, 0, 0, 0, 0,   0, 0, 0, 0, 0, 0, 0, 0",
  "nonlinear": "2, 1, 10, 1, 1, 1, 1",
  "number of continuous time states": "146",
  "numerical Jacobians": "0"
}
time=[0e+00, 1.728e+05]
weaDat.weaBus.TDryBul=[2.7475e+02, 2.742441711425781e+02, 2.738738403320312e+02, 2.736242980957031e+02, 2.735018005371094e+02, 2.735194702148438e+02, 2.735476989746094e+02, 2.735466613769531e+02, 2.735444641113281e+02, 2.735660095214844e+02, 2.735899963378906e+02, 2.73614013671875e+02, 2.736380004882812e+02, 2.736510009765625e+02, 2.736167297363281e+02, 2.73594970703125e+02, 2.735923767089844e+02, 2.736132202148438e+02, 2.73699951171875e+02, 2.737568359375e+02, 2.737701721191406e+02, 2.737420043945312e+02, 2.736940002441406e+02, 2.7364599609375e+02, 2.735979919433594e+02, 2.735499877929688e+02, 2.734784851074219e+02, 2.734042358398438e+02, 2.733780822753906e+02, 2.733943176269531e+02, 2.734411926269531e+02, 2.734923400878906e+02, 2.735180053710938e+02, 2.735419921875e+02, 2.735694885253906e+02, 2.735964050292969e+02, 2.736000061035156e+02, 2.736000061035156e+02, 2.736000061035156e+02, 2.736000061035156e+02, 2.736095886230469e+02, 2.736721496582031e+02, 2.737026062011719e+02, 2.7368896484375e+02, 2.736319885253906e+02, 2.735599975585938e+02, 2.734880065917969e+02, 2.734159851074219e+02, 2.733435974121094e+02, 2.73217529296875e+02, 2.730499877929688e+02, 2.728600769042969e+02, 2.726644592285156e+02, 2.725188598632812e+02, 2.724515380859375e+02, 2.724783325195312e+02, 2.725703430175781e+02, 2.727088317871094e+02, 2.728612060546875e+02, 2.729620971679688e+02, 2.730315246582031e+02, 2.730704650878906e+02, 2.730960388183594e+02, 2.731000061035156e+02, 2.731000061035156e+02, 2.731000061035156e+02, 2.731000061035156e+02, 2.731062622070312e+02, 2.731780395507812e+02, 2.732726745605469e+02, 2.733670043945312e+02, 2.734676513671875e+02, 2.73590087890625e+02, 2.737085876464844e+02, 2.737793579101562e+02, 2.737999877929688e+02, 2.737793579101562e+02, 2.737085876464844e+02, 2.735973815917969e+02, 2.734721984863281e+02, 2.733296813964844e+02, 2.731831665039062e+02, 2.730705261230469e+02, 2.729837951660156e+02, 2.728761596679688e+02, 2.727336120605469e+02, 2.725101013183594e+02, 2.722406005859375e+02, 2.7195361328125e+02, 2.71654296875e+02, 2.713999938964844e+02, 2.711600036621094e+02, 2.709200134277344e+02, 2.706799926757812e+02, 2.704384460449219e+02, 2.701723937988281e+02, 2.699077758789062e+02, 2.696751708984375e+02, 2.694862365722656e+02, 2.693585510253906e+02, 2.692999877929688e+02]
hydraulic.generation.sigBusGen.TGenOutMea=[2.931499938964844e+02, 3.065597229003906e+02, 3.1768994140625e+02, 3.184777221679688e+02, 3.185340881347656e+02, 3.193008117675781e+02, 3.202900085449219e+02, 3.212896728515625e+02, 3.222516174316406e+02, 3.231770629882812e+02, 3.00587890625e+02, 2.949122314453125e+02, 2.935675354003906e+02, 2.932489318847656e+02, 3.181749572753906e+02, 3.198522033691406e+02, 3.226897277832031e+02, 3.033798217773437e+02, 2.9557373046875e+02, 3.15412841796875e+02, 3.174565734863281e+02, 3.177333679199219e+02, 3.180756225585938e+02, 3.1811279296875e+02, 3.181030883789062e+02, 3.181158752441406e+02, 3.1816064453125e+02, 3.207098999023438e+02, 3.185151672363281e+02, 3.185945739746094e+02, 3.187832946777344e+02, 3.190673522949219e+02, 3.19377197265625e+02, 3.197005004882812e+02, 3.195176086425781e+02, 3.194070739746094e+02, 3.204424438476562e+02, 3.218816223144531e+02, 3.210054931640625e+02, 3.207340698242188e+02, 3.196837463378906e+02, 3.194924926757812e+02, 3.183442687988281e+02, 3.18612548828125e+02, 3.193088073730469e+02, 3.199441223144531e+02, 3.331189575195312e+02, 3.187060546875e+02, 3.186818542480469e+02, 3.186361999511719e+02, 3.185775756835938e+02, 3.186333312988281e+02, 3.187957763671875e+02, 3.189241027832031e+02, 3.189860229492188e+02, 3.189681701660156e+02, 3.18892578125e+02, 3.188235168457031e+02, 3.187746276855469e+02, 3.187349243164062e+02, 3.187018737792969e+02, 3.186707458496094e+02, 3.186375732421875e+02, 3.185999755859375e+02, 3.185542907714844e+02, 3.192850036621094e+02, 3.210487365722656e+02, 3.197481079101562e+02, 3.183003234863281e+02, 3.179880676269531e+02, 3.176510314941406e+02, 3.178389892578125e+02, 3.180903625488281e+02, 3.180379943847656e+02, 3.179440612792969e+02, 3.283045959472656e+02, 3.182349548339844e+02, 3.182080993652344e+02, 3.181385498046875e+02, 3.181737670898438e+02, 3.183018188476562e+02, 3.184085998535156e+02, 3.184950866699219e+02, 3.185585327148438e+02, 3.185863952636719e+02, 3.187310791015625e+02, 3.191487121582031e+02, 3.195608825683594e+02, 3.193022155761719e+02, 3.195608215332031e+02, 3.195558471679688e+02, 3.194765930175781e+02, 3.198712158203125e+02, 3.204984130859375e+02, 3.207088623046875e+02, 3.110680236816406e+02, 3.314746704101562e+02, 3.216734924316406e+02, 3.216591186523438e+02, 3.215746154785156e+02, 3.215652160644531e+02]
hydraulic.control.buiMeaBus.TZoneMea[1]=[2.931499938964844e+02, 2.937910461425781e+02, 2.951688537597656e+02, 2.9564697265625e+02, 2.956817321777344e+02, 2.955422058105469e+02, 2.953870239257812e+02, 2.952806396484375e+02, 2.952210083007812e+02, 2.951905212402344e+02, 2.951724853515625e+02, 2.951547241210938e+02, 2.951334228515625e+02, 2.951065368652344e+02, 2.95106689453125e+02, 2.951333312988281e+02, 2.952071533203125e+02, 2.952378540039062e+02, 2.812877197265625e+02, 2.932942504882812e+02, 2.951729736328125e+02, 2.9532568359375e+02, 2.953386840820312e+02, 2.953063354492188e+02, 2.952559204101562e+02, 2.952105407714844e+02, 2.951807556152344e+02, 2.95165771484375e+02, 2.951434936523438e+02, 2.951600952148438e+02, 2.951577758789062e+02, 2.951600341796875e+02, 2.95161376953125e+02, 2.951623840332031e+02, 2.951661987304688e+02, 2.951585693359375e+02, 2.957123107910156e+02, 2.952427368164062e+02, 2.951867370605469e+02, 2.8370361328125e+02, 2.957937622070312e+02, 2.95716796875e+02, 2.955982666015625e+02, 2.956063842773438e+02, 2.954962158203125e+02, 2.954771423339844e+02, 2.944644775390625e+02, 2.950405883789062e+02, 2.950873107910156e+02, 2.951121520996094e+02, 2.951273498535156e+02, 2.951360473632812e+02, 2.95143310546875e+02, 2.951494445800781e+02, 2.951529541015625e+02, 2.95154052734375e+02, 2.951529846191406e+02, 2.951515197753906e+02, 2.95150146484375e+02, 2.951503295898438e+02, 2.95150634765625e+02, 2.95150390625e+02, 2.951501159667969e+02, 2.951492614746094e+02, 2.951483764648438e+02, 2.951393432617188e+02, 2.951673278808594e+02, 2.952112731933594e+02, 2.806532897949218e+02, 2.930061035156249e+02, 2.950667114257812e+02, 2.952157592773438e+02, 2.952972106933594e+02, 2.953251953125e+02, 2.953086853027344e+02, 2.952533569335938e+02, 2.951765441894531e+02, 2.9523291015625e+02, 2.952137145996094e+02, 2.951919860839844e+02, 2.95175048828125e+02, 2.951681213378906e+02, 2.951641845703125e+02, 2.9516162109375e+02, 2.951636047363281e+02, 2.951604919433594e+02, 2.956314392089844e+02, 2.952789611816406e+02, 2.952041015625e+02, 2.830195617675781e+02, 2.954913635253906e+02, 2.955281372070312e+02, 2.95336669921875e+02, 2.953176574707031e+02, 2.951925659179688e+02, 2.95171142578125e+02, 2.942109069824219e+02, 2.94964111328125e+02, 2.950838928222656e+02, 2.951251220703125e+02, 2.951408996582031e+02]
hydraulic.control.buiMeaBus.TZoneMea[10]=[2.931499938964844e+02, 2.947528381347656e+02, 2.954547729492188e+02, 2.954252624511719e+02, 2.95283447265625e+02, 2.952074584960938e+02, 2.951737365722656e+02, 2.951599731445312e+02, 2.951546020507812e+02, 2.951524658203125e+02, 2.95150634765625e+02, 2.951466064453125e+02, 2.951401062011719e+02, 2.951316528320312e+02, 2.951331787109375e+02, 2.949099426269531e+02, 2.9511669921875e+02, 2.94918212890625e+02, 2.945160827636719e+02, 2.954030151367188e+02, 2.821310729980469e+02, 2.946992492675781e+02, 2.954529418945312e+02, 2.955801696777344e+02, 2.956146545410156e+02, 2.955900268554688e+02, 2.955238647460938e+02, 2.954335632324219e+02, 2.953271789550781e+02, 2.952746276855469e+02, 2.953499755859375e+02, 2.95256591796875e+02, 2.951993713378906e+02, 2.951720581054688e+02, 2.950467834472656e+02, 2.950921936035156e+02, 2.959091186523438e+02, 2.956086120605469e+02, 2.941502990722656e+02, 2.948029479980469e+02, 2.953921508789062e+02, 2.827716674804688e+02, 2.953028869628906e+02, 2.960459594726562e+02, 2.955639953613281e+02, 2.95536865234375e+02, 2.954159851074219e+02, 2.953050537109375e+02, 2.952337341308594e+02, 2.951932067871094e+02, 2.951714172363281e+02, 2.951603393554688e+02, 2.951554870605469e+02, 2.951538391113281e+02, 2.951530151367188e+02, 2.951521606445312e+02, 2.951509704589844e+02, 2.951498413085938e+02, 2.951490173339844e+02, 2.951487731933594e+02, 2.951486511230469e+02, 2.951484680175781e+02, 2.951483764648438e+02, 2.951480712890625e+02, 2.951478271484375e+02, 2.949134216308594e+02, 2.950717468261719e+02, 2.94771728515625e+02, 2.942276306152344e+02, 2.953014526367188e+02, 2.818486633300782e+02, 2.943866577148438e+02, 2.951273498535156e+02, 2.95274169921875e+02, 2.953474426269531e+02, 2.953606872558594e+02, 2.953136901855469e+02, 2.954287414550781e+02, 2.954475708007812e+02, 2.954365539550781e+02, 2.957322692871094e+02, 2.955945129394531e+02, 2.954276123046875e+02, 2.953014831542969e+02, 2.95057861328125e+02, 2.950848999023438e+02, 2.957699584960938e+02, 2.953681640625e+02, 2.938694152832031e+02, 2.945692749023438e+02, 2.952706909179688e+02, 2.810699768066406e+02, 2.948740844726562e+02, 2.958208618164062e+02, 2.954953002929688e+02, 2.955340270996094e+02, 2.954718017578125e+02, 2.953806762695312e+02, 2.953428039550781e+02, 2.952787780761719e+02, 2.952268676757812e+02]
electricalGrid.PElecGen=[0e+00, 0e+00]
electricalGrid.PElecLoa=[3.128495849609375e+03, 2.1174453125e+03, 1.546974243164062e+03, 8.215708618164062e+02, 6.207425537109375e+02, 6.315228881835938e+02, 6.453346557617188e+02, 6.597382202148438e+02, 6.736062622070312e+02, 6.869334106445312e+02, 5.288489460945129e-01, 5.261465311050415e-01, 5.269750356674194e-01, 5.342235565185547e-01, 6.619243164062491e+02, 6.395226440429688e+02, 6.804318237304688e+02, 6.203556060791016e-01, 6.010026931762695e-01, 2.355922119140625e+03, 8.469334716796875e+02, 9.295526733398438e+02, 8.247793579101562e+02, 7.29830078125e+02, 6.940628662109375e+02, 6.7673388671875e+02, 6.67814453125e+02, 2.6176611328125e+03, 1.146417846679682e+03, 6.52545166015625e+02, 6.241920776367188e+02, 6.281025390625e+02, 6.32397705078125e+02, 6.368858032226562e+02, 6.342115478515625e+02, 6.325831298828125e+02, 6.475631713867188e+02, 6.682807006835938e+02, 6.549559326171875e+02, 6.517758178710938e+02, 6.371983032226562e+02, 6.332705078125e+02, 6.171578369140625e+02, 6.215490112304688e+02, 6.313113403320312e+02, 6.403803100585938e+02, 3.229888427734375e+03, 6.231292724609375e+02, 6.2284375e+02, 6.223975219726562e+02, 6.217322998046875e+02, 6.416532592773438e+02, 6.536692504882812e+02, 6.53810791015625e+02, 6.47382080078125e+02, 6.367768554687499e+02, 6.271135253906249e+02, 6.2531396484375e+02, 6.245667114257812e+02, 6.239693603515625e+02, 6.23477294921875e+02, 6.230249633789062e+02, 6.22550048828125e+02, 6.220228881835938e+02, 6.21385009765625e+02, 6.319798583984375e+02, 6.568831176757812e+02, 6.3702587890625e+02, 7.519558715820326e+02, 9.431708984374978e+02, 7.727805786132795e+02, 9.642579345703125e+02, 9.26119384765625e+02, 8.280127563476562e+02, 7.93318359375e+02, 2.993653076171875e+03, 1.099328979492188e+03, 8.344928588867188e+02, 7.889900512695312e+02, 7.86189697265625e+02, 7.54298583984375e+02, 7.39610107421875e+02, 7.269723510742188e+02, 7.192788696289062e+02, 7.710802001953125e+02, 7.810992431640625e+02, 6.301341552734375e+02, 6.35835693359375e+02, 7.16811279296875e+02, 8.038715209960938e+02, 9.938989868164062e+02, 8.247445068359375e+02, 1.109401611328125e+03, 9.08468994140625e+02, 7.980919799804688e+02, 2.080556396484375e+03, 3.100650634765625e+03, 1.186380004882812e+03, 8.9742529296875e+02, 8.621815795898438e+02, 8.523138427734375e+02]
