last-generated=2025-12-09
statistics-initialization=
{
  "nonlinear": "5, 8, 1, 1, 2, 0, 1, 1",
  "numerical Jacobians": "0"
}
statistics-simulation=
{
  "linear": "0, 0, 0, 0, 0, 0, 0, 0, 0, 0, 0, 0, 0, 0, 0, 0, 0, 0, 0, 0, 0, 0, 0, 0, 0, 0, 0,   0, 0, 0, 0, 0, 0, 0, 0, 0, 0, 0, 0, 0, 0, 0, 0",
  "nonlinear": "1, 1, 1, 1, 6, 1, 1, 1, 1, 1, 0, 1, 0, 1, 0, 1, 1",
  "number of continuous time states": "112",
  "numerical Jacobians": "0"
}
time=[0e+00, 8.64e+04]
weaDat.weaBus.TDryBul=[2.713500061035156e+02, 2.714065551757812e+02, 2.714423522949219e+02, 2.714366760253906e+02, 2.713688049316406e+02, 2.7125e+02, 2.711300048828125e+02, 2.71010009765625e+02, 2.708900146484375e+02, 2.707699890136719e+02, 2.706499938964844e+02, 2.705299987792969e+02, 2.704100036621094e+02, 2.702814025878906e+02, 2.701031188964844e+02, 2.698934020996094e+02, 2.696802062988281e+02, 2.694894714355469e+02, 2.693132629394531e+02, 2.691443176269531e+02, 2.689815979003906e+02, 2.688259887695312e+02, 2.687498474121094e+02, 2.687407531738281e+02, 2.687302856445312e+02, 2.686499938964844e+02, 2.684281311035156e+02, 2.681062622070312e+02, 2.677860412597656e+02, 2.675690002441406e+02, 2.674700012207031e+02, 2.673739929199219e+02, 2.672780151367188e+02, 2.671820068359375e+02, 2.670859985351562e+02, 2.66989990234375e+02, 2.668940124511719e+02, 2.667980041503906e+02, 2.667543640136719e+02, 2.670124816894531e+02, 2.674586791992188e+02, 2.679197998046875e+02, 2.682342834472656e+02, 2.684475708007812e+02, 2.686448669433594e+02, 2.688818969726562e+02, 2.692129211425781e+02, 2.696084899902344e+02, 2.700237121582031e+02, 2.704428100585938e+02, 2.708500061035156e+02, 2.712447509765625e+02, 2.716349792480469e+02, 2.720175170898438e+02, 2.723893127441406e+02, 2.72725830078125e+02, 2.729895324707031e+02, 2.731852111816406e+02, 2.733184814453125e+02, 2.734028930664062e+02, 2.734673461914062e+02, 2.735138549804688e+02, 2.735424194335938e+02, 2.735553894042969e+02, 2.735648498535156e+02, 2.735686645507812e+02, 2.73562255859375e+02, 2.735403137207031e+02, 2.734952392578125e+02, 2.734378051757812e+02, 2.733829650878906e+02, 2.733453369140625e+02, 2.733241271972656e+02, 2.73316162109375e+02, 2.733239440917969e+02, 2.733500061035156e+02, 2.734044799804688e+02, 2.734835205078125e+02, 2.735684204101562e+02, 2.736405334472656e+02, 2.736940002441406e+02, 2.737383422851562e+02, 2.737637023925781e+02, 2.737596740722656e+02, 2.737111511230469e+02, 2.736122741699219e+02, 2.734936828613281e+02, 2.733878784179688e+02, 2.733190002441406e+02, 2.732585144042969e+02, 2.73205322265625e+02, 2.731657104492188e+02, 2.731450805664062e+02, 2.73135498046875e+02, 2.731335754394531e+02, 2.731393432617188e+02, 2.7315283203125e+02, 2.73175048828125e+02, 2.732023315429688e+02, 2.732291564941406e+02, 2.7325e+02]
hydraulic.generation.sigBusGen.TGenOutMea=[2.931499938964844e+02, 3.008895568847656e+02, 3.021107788085938e+02, 3.148497619628906e+02, 3.194100952148438e+02, 3.245877685546875e+02, 3.281329956054688e+02, 3.2318017578125e+02, 3.249479064941406e+02, 3.311967468261719e+02, 3.255438842773438e+02, 3.261249084472656e+02, 3.262724914550781e+02, 3.263907165527344e+02, 3.265037231445312e+02, 3.265915222167969e+02, 3.266616821289062e+02, 3.267191772460938e+02, 3.267644348144531e+02, 3.267987365722656e+02, 3.268234558105469e+02, 3.268397521972656e+02, 3.268561401367188e+02, 3.268748168945312e+02, 3.268925170898438e+02, 3.269032592773438e+02, 3.268990478515625e+02, 3.268884887695312e+02, 3.268772277832031e+02, 3.268727111816406e+02, 3.272015686035156e+02, 3.281749877929688e+02, 3.28191650390625e+02, 3.269827880859375e+02, 3.287313232421875e+02, 3.289122924804688e+02, 3.28703369140625e+02, 3.285693664550781e+02, 3.284647827148438e+02, 3.284047241210938e+02, 3.285115661621094e+02, 3.291525573730469e+02, 3.292396240234375e+02, 3.29181884765625e+02, 3.291932983398438e+02, 3.292236938476562e+02, 3.292714538574219e+02, 3.293333435058594e+02, 3.29404296875e+02, 3.290949401855469e+02, 3.286769714355469e+02, 3.281932983398438e+02, 3.276730041503906e+02, 3.27151123046875e+02, 3.266458129882812e+02, 3.261847229003906e+02, 3.258117065429688e+02, 3.255288391113281e+02, 3.253328247070312e+02, 3.252097473144531e+02, 3.251270446777344e+02, 3.321585693359375e+02, 3.239081115722656e+02, 3.246952819824219e+02, 3.250152893066406e+02, 3.251724548339844e+02, 3.252207641601562e+02, 3.252277526855469e+02, 3.252355346679688e+02, 3.252596130371094e+02, 3.252959899902344e+02, 3.253289489746094e+02, 3.253524780273438e+02, 3.253643493652344e+02, 3.253592224121094e+02, 3.253328552246094e+02, 3.252740783691406e+02, 3.251830749511719e+02, 3.250774536132812e+02, 3.24978515625e+02, 3.248984680175781e+02, 3.24833251953125e+02, 3.247926025390625e+02, 3.247865905761719e+02, 3.248313903808594e+02, 3.249370727539062e+02, 3.250745544433594e+02, 3.252134399414062e+02, 3.253221435546875e+02, 3.254155578613281e+02, 3.254933776855469e+02, 3.255514526367188e+02, 3.255855407714844e+02, 3.256026000976562e+02, 3.256073303222656e+02, 3.256008911132812e+02, 3.25584228515625e+02, 3.255567626953125e+02, 3.255211486816406e+02, 3.254845275878906e+02, 3.254533996582031e+02]
outputs.building.TZone[1]=[2.931499938964844e+02, 2.857545776367188e+02, 2.861170349121094e+02, 2.866485900878906e+02, 2.87596435546875e+02, 2.883191223144531e+02, 2.89006591796875e+02, 2.894951477050781e+02, 2.893193359375e+02, 2.893132934570312e+02, 2.894800109863281e+02, 2.89460693359375e+02, 2.89448974609375e+02, 2.894530029296875e+02, 2.894439392089844e+02, 2.894439086914062e+02, 2.894544372558594e+02, 2.894651184082031e+02, 2.894764099121094e+02, 2.894872741699219e+02, 2.894976501464844e+02, 2.895076599121094e+02, 2.895238952636719e+02, 2.895494384765625e+02, 2.895770874023438e+02, 2.895986633300781e+02, 2.897025146484375e+02, 2.898245239257812e+02, 2.899480590820312e+02, 2.900841064453125e+02, 2.904583129882812e+02, 2.906016845703125e+02, 2.906123352050781e+02, 2.907732543945312e+02, 2.910636901855469e+02, 2.910328063964844e+02, 2.910947570800781e+02, 2.911831665039062e+02, 2.912762451171875e+02, 2.913597106933594e+02, 2.91583984375e+02, 2.917983703613281e+02, 2.918766784667969e+02, 2.920077514648438e+02, 2.92113525390625e+02, 2.921765747070312e+02, 2.92203369140625e+02, 2.921836853027344e+02, 2.921845092773438e+02, 2.922217407226562e+02, 2.92233642578125e+02, 2.921921081542969e+02, 2.921295166015625e+02, 2.920538330078125e+02, 2.919653625488281e+02, 2.91933837890625e+02, 2.919344177246094e+02, 2.919408569335938e+02, 2.919547729492188e+02, 2.91982666015625e+02, 2.920264587402344e+02, 2.920744934082031e+02, 2.919977111816406e+02, 2.919892578125e+02, 2.920685729980469e+02, 2.92150634765625e+02, 2.922047729492188e+02, 2.922297973632812e+02, 2.922199401855469e+02, 2.922076416015625e+02, 2.921982421875e+02, 2.921911926269531e+02, 2.92175048828125e+02, 2.921576232910156e+02, 2.9214013671875e+02, 2.92122314453125e+02, 2.920804748535156e+02, 2.920278930664062e+02, 2.919700012207031e+02, 2.919071960449219e+02, 2.91881591796875e+02, 2.918841857910156e+02, 2.918886413574219e+02, 2.918946838378906e+02, 2.918970642089844e+02, 2.918954162597656e+02, 2.918998413085938e+02, 2.919107360839844e+02, 2.919205932617188e+02, 2.919168395996094e+02, 2.919105224609375e+02, 2.919029541015625e+02, 2.918988342285156e+02, 2.919169616699219e+02, 2.919346313476562e+02, 2.919506530761719e+02, 2.919649047851562e+02, 2.919692993164062e+02, 2.919709777832031e+02, 2.919712524414062e+02, 2.919704895019531e+02]
electricalGrid.PElecGen=[0e+00, 0e+00]
electricalGrid.PElecLoa=[7.28303271484375e+03, 4.58506005859375e+03, 4.5858134765625e+03, 2.2615431640625e+04, 2.2614001953125e+04, 2.2980142578125e+04, 2.206568359375e+04, 5.82012841796875e+03, 5.99172705078125e+03, 1.9402052734375e+04, 6.049779296875e+03, 6.10598876953125e+03, 6.11789306640625e+03, 6.1273408203125e+03, 6.1348857421875e+03, 6.139150390625e+03, 6.14159033203125e+03, 6.14319091796875e+03, 6.14381689453125e+03, 6.14344921875e+03, 6.14220947265625e+03, 6.14025244140625e+03, 6.14020654296875e+03, 6.1419619140625e+03, 6.143564453125e+03, 6.14275927734375e+03, 6.13703125e+03, 6.12823828125e+03, 6.11888134765625e+03, 6.1129130859375e+03, 6.1485048828125e+03, 6.24570654296875e+03, 6.24208349609375e+03, 6.230689453125e+03, 6.296669921875e+03, 6.3094599609375e+03, 6.28520361328125e+03, 6.268912109375e+03, 6.25700244140625e+03, 6.25785498046875e+03, 6.28308349609375e+03, 6.36223828125e+03, 6.3776279296875e+03, 6.37727734375e+03, 6.38358642578125e+03, 6.39281591796875e+03, 6.40625927734375e+03, 6.422791015625e+03, 6.44079833984375e+03, 5.859947265625e+03, 5.28423095703125e+03, 4.83957568359375e+03, 4.52301318359375e+03, 4.3003525390625e+03, 4.1345693359375e+03, 4.029213134765625e+03, 3.999723876953125e+03, 4.02667529296875e+03, 4.09099072265625e+03, 4.17061181640625e+03, 4.23406298828125e+03, 6.92111083984375e+03, 5.93954296875e+03, 6.0226015625e+03, 5.6198193359375e+03, 5.1413369140625e+03, 4.80097021484375e+03, 4.58109228515625e+03, 4.48786279296875e+03, 4.47628173828125e+03, 4.4946201171875e+03, 4.51004052734375e+03, 4.5133857421875e+03, 4.5061171875e+03, 4.4866298828125e+03, 4.45358154296875e+03, 4.3991865234375e+03, 4.33072021484375e+03, 4.26868701171875e+03, 4.2320166015625e+03, 4.22368115234375e+03, 4.22604150390625e+03, 4.24197412109375e+03, 4.2798408203125e+03, 4.3517802734375e+03, 4.46056640625e+03, 4.58815283203125e+03, 4.68506689453125e+03, 4.718376953125e+03, 4.727447265625e+03, 4.72717041015625e+03, 4.716166015625e+03, 4.6902431640625e+03, 4.65903515625e+03, 4.62720751953125e+03, 4.5956533203125e+03, 4.5636181640625e+03, 4.5300546875e+03, 4.50250830078125e+03, 4.48125390625e+03, 4.4705576171875e+03]
