last-generated=2025-01-02
statistics-initialization=
{
  "nonlinear": "5, 7, 3, 0, 1, 1, 0, 1, 1",
  "numerical Jacobians": "0"
}
statistics-simulation=
{
  "linear": "0, 0, 0, 0, 0, 0, 0, 0, 0, 0, 0, 0, 0, 0, 0, 0, 0, 0, 0, 0, 0, 0, 0, 0, 0, 0, 0,   0, 0, 0, 0, 0, 0, 0, 0, 0, 0, 0, 0, 0, 0, 0, 0",
  "nonlinear": "2, 1, 1, 1, 6, 1, 1, 1, 1, 1, 0, 1, 0, 1, 0, 1, 1",
  "number of continuous time states": "112",
  "numerical Jacobians": "0"
}
time=[0e+00, 8.64e+04]
weaDat.weaBus.TDryBul=[2.713500061035156e+02, 2.714065551757812e+02, 2.714423522949219e+02, 2.714366760253906e+02, 2.713688049316406e+02, 2.7125e+02, 2.711300048828125e+02, 2.71010009765625e+02, 2.708900146484375e+02, 2.707699890136719e+02, 2.706499938964844e+02, 2.705299987792969e+02, 2.704100036621094e+02, 2.702814025878906e+02, 2.701031188964844e+02, 2.698934020996094e+02, 2.696802062988281e+02, 2.694894714355469e+02, 2.693132629394531e+02, 2.691443176269531e+02, 2.689815979003906e+02, 2.688259887695312e+02, 2.687498474121094e+02, 2.687407531738281e+02, 2.687302856445312e+02, 2.686499938964844e+02, 2.684281311035156e+02, 2.681062622070312e+02, 2.677860412597656e+02, 2.675690002441406e+02, 2.674700012207031e+02, 2.673739929199219e+02, 2.672780151367188e+02, 2.671820068359375e+02, 2.670859985351562e+02, 2.66989990234375e+02, 2.668940124511719e+02, 2.667980041503906e+02, 2.667543640136719e+02, 2.670124816894531e+02, 2.674586791992188e+02, 2.679197998046875e+02, 2.682342834472656e+02, 2.684475708007812e+02, 2.686448669433594e+02, 2.688818969726562e+02, 2.692129211425781e+02, 2.696084899902344e+02, 2.700237121582031e+02, 2.704428100585938e+02, 2.708500061035156e+02, 2.712447509765625e+02, 2.716349792480469e+02, 2.720175170898438e+02, 2.723893127441406e+02, 2.72725830078125e+02, 2.729895324707031e+02, 2.731852111816406e+02, 2.733184814453125e+02, 2.734028930664062e+02, 2.734673461914062e+02, 2.735138549804688e+02, 2.735424194335938e+02, 2.735553894042969e+02, 2.735648498535156e+02, 2.735686645507812e+02, 2.73562255859375e+02, 2.735403137207031e+02, 2.734952392578125e+02, 2.734378051757812e+02, 2.733829650878906e+02, 2.733453369140625e+02, 2.733241271972656e+02, 2.73316162109375e+02, 2.733239440917969e+02, 2.733500061035156e+02, 2.734044799804688e+02, 2.734835205078125e+02, 2.735684204101562e+02, 2.736405334472656e+02, 2.736940002441406e+02, 2.737383422851562e+02, 2.737637023925781e+02, 2.737596740722656e+02, 2.737111511230469e+02, 2.736122741699219e+02, 2.734936828613281e+02, 2.733878784179688e+02, 2.733190002441406e+02, 2.732585144042969e+02, 2.73205322265625e+02, 2.731657104492188e+02, 2.731450805664062e+02, 2.73135498046875e+02, 2.731335754394531e+02, 2.731393432617188e+02, 2.7315283203125e+02, 2.73175048828125e+02, 2.732023315429688e+02, 2.732291564941406e+02, 2.7325e+02]
hydraulic.generation.sigBusGen.TGenOutMea=[2.931499938964844e+02, 2.995841064453125e+02, 3.009492797851562e+02, 3.115908813476562e+02, 3.078840637207031e+02, 3.100602111816406e+02, 3.106377563476562e+02, 3.111039123535156e+02, 3.115038757324219e+02, 3.118327026367188e+02, 3.121025085449219e+02, 3.123218688964844e+02, 3.124981689453125e+02, 3.126370849609375e+02, 3.127399597167969e+02, 3.1281103515625e+02, 3.128590087890625e+02, 3.128904113769531e+02, 3.129079284667969e+02, 3.129141540527344e+02, 3.129113159179688e+02, 3.129012145996094e+02, 3.128916625976562e+02, 3.1288623046875e+02, 3.128829956054688e+02, 3.128761901855469e+02, 3.128596496582031e+02, 3.128468933105469e+02, 3.128409118652344e+02, 3.12848388671875e+02, 3.128748168945312e+02, 3.129068298339844e+02, 3.129434204101562e+02, 3.129850769042969e+02, 3.130312805175781e+02, 3.130789794921875e+02, 3.131270751953125e+02, 3.131777038574219e+02, 3.1323876953125e+02, 3.133311767578125e+02, 3.134505920410156e+02, 3.135923156738281e+02, 3.137461853027344e+02, 3.139086303710938e+02, 3.140758666992188e+02, 3.141466369628906e+02, 3.140318298339844e+02, 3.138000183105469e+02, 3.13502197265625e+02, 3.131820983886719e+02, 3.128623046875e+02, 3.125571594238281e+02, 3.122629089355469e+02, 3.11980224609375e+02, 3.203916320800781e+02, 3.287991943359376e+02, 3.370632019042969e+02, 3.081307373046876e+02, 3.099503479003906e+02, 3.107845153808594e+02, 3.110447998046875e+02, 3.110982360839844e+02, 3.110514831542969e+02, 3.109818725585938e+02, 3.1091552734375e+02, 3.108661499023438e+02, 3.108392944335938e+02, 3.108345947265625e+02, 3.108514099121094e+02, 3.108833312988281e+02, 3.109207763671875e+02, 3.109526062011719e+02, 3.109746704101562e+02, 3.109861755371094e+02, 3.109858703613281e+02, 3.109725341796875e+02, 3.109407043457031e+02, 3.108898010253906e+02, 3.108299255371094e+02, 3.107733459472656e+02, 3.107276000976562e+02, 3.106922912597656e+02, 3.106710510253906e+02, 3.106682739257812e+02, 3.106924743652344e+02, 3.107494812011719e+02, 3.10826171875e+02, 3.109039306640625e+02, 3.109645080566406e+02, 3.110154113769531e+02, 3.11057373046875e+02, 3.212832946777344e+02, 3.294844360351562e+02, 3.081667175292969e+02, 3.079638671875e+02, 3.097297058105469e+02, 3.107142944335938e+02, 3.111441040039062e+02, 3.112862243652344e+02, 3.11281982421875e+02, 3.112174987792969e+02]
outputs.building.TZone[1]=[2.931499938964844e+02, 2.890833740234375e+02, 2.8923046875e+02, 2.895268859863281e+02, 2.899627380371094e+02, 2.899626159667969e+02, 2.899503784179688e+02, 2.899624938964844e+02, 2.89966796875e+02, 2.8996533203125e+02, 2.899586181640625e+02, 2.899472351074219e+02, 2.899317932128906e+02, 2.899122924804688e+02, 2.898837585449219e+02, 2.898658142089844e+02, 2.898612365722656e+02, 2.898582763671875e+02, 2.898572692871094e+02, 2.898570556640625e+02, 2.898576049804688e+02, 2.898589782714844e+02, 2.898678894042969e+02, 2.898874206542969e+02, 2.899096984863281e+02, 2.899263000488281e+02, 2.900335388183594e+02, 2.901665649414062e+02, 2.903047485351562e+02, 2.904588012695312e+02, 2.905935363769531e+02, 2.907074279785156e+02, 2.908242797851562e+02, 2.909446716308594e+02, 2.910567321777344e+02, 2.911558532714844e+02, 2.912589416503906e+02, 2.913814697265625e+02, 2.915105895996094e+02, 2.916238403320312e+02, 2.917462463378906e+02, 2.919024353027344e+02, 2.920653076171875e+02, 2.922146911621094e+02, 2.923392639160156e+02, 2.92419921875e+02, 2.924527893066406e+02, 2.924159851074219e+02, 2.92380615234375e+02, 2.923739013671875e+02, 2.923667602539062e+02, 2.923318176269531e+02, 2.92291748046875e+02, 2.922482604980469e+02, 2.921868286132812e+02, 2.919873657226562e+02, 2.917489929199219e+02, 2.918572692871094e+02, 2.92086669921875e+02, 2.922223205566406e+02, 2.92361572265625e+02, 2.924639282226562e+02, 2.92538818359375e+02, 2.925817260742188e+02, 2.925888671875e+02, 2.925921936035156e+02, 2.925946350097656e+02, 2.925903930664062e+02, 2.925619201660156e+02, 2.925362243652344e+02, 2.925147399902344e+02, 2.924951477050781e+02, 2.9246533203125e+02, 2.924342041015625e+02, 2.9240380859375e+02, 2.923743286132812e+02, 2.923210144042969e+02, 2.922572326660156e+02, 2.921903991699219e+02, 2.921202697753906e+02, 2.920903625488281e+02, 2.920921630859375e+02, 2.92095458984375e+02, 2.920987548828125e+02, 2.920954284667969e+02, 2.920828552246094e+02, 2.920706481933594e+02, 2.920604553222656e+02, 2.920471496582031e+02, 2.920199279785156e+02, 2.919918518066406e+02, 2.919321899414062e+02, 2.916486511230469e+02, 2.913800048828125e+02, 2.915408935546875e+02, 2.916965637207031e+02, 2.917807922363281e+02, 2.91863525390625e+02, 2.919146728515625e+02, 2.919370727539062e+02, 2.91941650390625e+02]
electricalGrid.PElecGen=[0e+00, 0e+00]
electricalGrid.PElecLoa=[2.350407958984375e+03, 1.480465698242188e+03, 1.48070849609375e+03, 6.9677587890625e+03, 1.480209716796875e+03, 1.48996337890625e+03, 1.507545776367188e+03, 1.522051025390625e+03, 1.53432861328125e+03, 1.544303344726562e+03, 1.552366088867188e+03, 1.55879736328125e+03, 1.563837768554688e+03, 1.567626953125e+03, 1.570008056640625e+03, 1.571212768554688e+03, 1.571665405273438e+03, 1.57169775390625e+03, 1.571358764648438e+03, 1.570697631835938e+03, 1.569780639648438e+03, 1.56867236328125e+03, 1.56799365234375e+03, 1.56778125e+03, 1.567626586914062e+03, 1.566996704101562e+03, 1.565352661132812e+03, 1.56331005859375e+03, 1.5613017578125e+03, 1.560318237304688e+03, 1.56059375e+03, 1.56104833984375e+03, 1.561645263671875e+03, 1.562398315429688e+03, 1.56328857421875e+03, 1.5642177734375e+03, 1.565156860351562e+03, 1.566177978515625e+03, 1.567853515625e+03, 1.572293090820312e+03, 1.578693359375e+03, 1.585897583007812e+03, 1.592566162109375e+03, 1.59883642578125e+03, 1.605183837890625e+03, 1.558086303710938e+03, 1.433312255859375e+03, 1.317159057617188e+03, 1.227585327148438e+03, 1.1574052734375e+03, 1.108437255859375e+03, 1.068789428710938e+03, 1.034433349609375e+03, 1.00339208984375e+03, 1.8506064453125e+03, 2.141351562500002e+03, 2.435941894531252e+03, 1.492505615234375e+03, 1.495240356445312e+03, 1.411916015625e+03, 1.219872802734375e+03, 1.080690063476562e+03, 9.99554931640625e+02, 9.55070556640625e+02, 9.352036743164062e+02, 9.301719970703125e+02, 9.318751220703125e+02, 9.376270751953125e+02, 9.484158935546876e+02, 9.606754150390624e+02, 9.709110107421874e+02, 9.765317993164062e+02, 9.783113403320312e+02, 9.779309692382812e+02, 9.755149536132812e+02, 9.709077758789062e+02, 9.627960205078125e+02, 9.528525390625e+02, 9.4443505859375e+02, 9.404422607421875e+02, 9.409971923828125e+02, 9.419486083984375e+02, 9.441604614257812e+02, 9.497431030273438e+02, 9.612548828125e+02, 9.796527099609375e+02, 9.99340576171875e+02, 1.014239685058594e+03, 1.020640441894531e+03, 1.024641357421875e+03, 1.028106811523438e+03, 1.885809692382812e+03, 2.16908984375e+03, 1.492193115234375e+03, 1.492180053710938e+03, 1.492219116210938e+03, 1.519130859375e+03, 1.356999877929688e+03, 1.19919921875e+03, 1.093884643554688e+03, 1.037418701171875e+03]
