last-generated=2025-08-27
statistics-initialization=
{
  "nonlinear": "5, 8, 3, 0, 1, 1, 1, 1",
  "numerical Jacobians": "0"
}
statistics-simulation=
{
  "linear": "0, 0, 0, 0, 0, 0, 0, 0",
  "nonlinear": "2, 1, 1, 6, 1, 0, 1, 0, 1, 0, 1, 1, 1",
  "number of continuous time states": "84",
  "numerical Jacobians": "0"
}
time=[0e+00, 1.728e+05]
weaDat.weaBus.TDryBul=[2.711499938964844e+02, 2.711964111328125e+02, 2.711585388183594e+02, 2.710329895019531e+02, 2.708773498535156e+02, 2.706598205566406e+02, 2.704615478515625e+02, 2.704500122070312e+02, 2.704500122070312e+02, 2.704500122070312e+02, 2.704500122070312e+02, 2.704904479980469e+02, 2.706648559570312e+02, 2.708219909667969e+02, 2.709660034179688e+02, 2.710835876464844e+02, 2.710487060546875e+02, 2.710967712402344e+02, 2.713839721679688e+02, 2.715577392578125e+02, 2.713986511230469e+02, 2.713771667480469e+02, 2.716394348144531e+02, 2.718602600097656e+02, 2.719464111328125e+02, 2.720499877929688e+02, 2.722364196777344e+02, 2.724353637695312e+02, 2.725456237792969e+02, 2.726259155273438e+02, 2.730393371582031e+02, 2.736041564941406e+02, 2.736746826171875e+02, 2.736636657714844e+02, 2.736180114746094e+02, 2.735700073242188e+02, 2.735389404296875e+02, 2.735155944824219e+02, 2.7335400390625e+02, 2.731619873046875e+02, 2.729700012207031e+02, 2.727780151367188e+02, 2.72593994140625e+02, 2.724955749511719e+02, 2.724342651367188e+02, 2.723796081542969e+02, 2.723463134765625e+02, 2.723376770019531e+02, 2.723522033691406e+02, 2.724003295898438e+02, 2.724500122070312e+02, 2.724666442871094e+02, 2.724525451660156e+02, 2.724020690917969e+02, 2.722803344726562e+02, 2.720899963378906e+02, 2.718980102539062e+02, 2.717059936523438e+02, 2.715140075683594e+02, 2.713631591796875e+02, 2.713411865234375e+02, 2.713729858398438e+02, 2.714293518066406e+02, 2.714556884765625e+02, 2.714446716308594e+02, 2.714856872558594e+02, 2.716668701171875e+02, 2.717514038085938e+02, 2.716672058105469e+02, 2.716678771972656e+02, 2.71758056640625e+02, 2.718697814941406e+02, 2.7200390625e+02, 2.721656494140625e+02, 2.724968872070312e+02, 2.728500061035156e+02, 2.729950561523438e+02, 2.729598999023438e+02, 2.725846862792969e+02, 2.721623229980469e+02, 2.721732788085938e+02, 2.722332153320312e+02, 2.723517456054688e+02, 2.724693908691406e+02, 2.722129516601562e+02, 2.715361633300781e+02, 2.708384399414062e+02, 2.701152648925781e+02, 2.6966552734375e+02, 2.693913269042969e+02, 2.691483459472656e+02, 2.68912841796875e+02, 2.686530456542969e+02, 2.682867126464844e+02, 2.680051879882812e+02, 2.680009765625e+02, 2.679133911132812e+02, 2.676651611328125e+02, 2.674332275390625e+02, 2.672374267578125e+02, 2.670499877929688e+02]
hydraulic.generation.sigBusGen.TGenOutMea=[2.931499938964844e+02, 3.078338623046875e+02, 3.14662841796875e+02, 3.196150817871094e+02, 3.224436340332031e+02, 3.227545166015625e+02, 3.228385009765625e+02, 3.228146362304688e+02, 3.227972717285156e+02, 3.227935791015625e+02, 3.227934875488281e+02, 3.227616271972656e+02, 3.225940246582031e+02, 3.224212036132812e+02, 3.222748718261719e+02, 3.221477661132812e+02, 3.2216357421875e+02, 3.221374206542969e+02, 3.21863037109375e+02, 3.216439514160156e+02, 3.217684936523438e+02, 3.218348999023438e+02, 3.219231567382812e+02, 3.213221740722656e+02, 3.214285583496094e+02, 3.212015380859375e+02, 3.209550476074219e+02, 3.207272033691406e+02, 3.205965881347656e+02, 3.205186157226562e+02, 3.201430053710938e+02, 3.195333862304688e+02, 3.193948974609375e+02, 3.194064636230469e+02, 3.194591979980469e+02, 3.195124816894531e+02, 3.195496215820312e+02, 3.195703125e+02, 3.197212829589844e+02, 3.199233093261719e+02, 3.2012744140625e+02, 3.203333129882812e+02, 3.205305786132812e+02, 3.261060791015625e+02, 3.208072204589844e+02, 3.209454345703125e+02, 3.208631896972656e+02, 3.208253479003906e+02, 3.208011779785156e+02, 3.207523803710938e+02, 3.20697509765625e+02, 3.206755676269531e+02, 3.206876831054688e+02, 3.207372131347656e+02, 3.20856689453125e+02, 3.210530395507812e+02, 3.212578430175781e+02, 3.214609680175781e+02, 3.216629028320312e+02, 3.218301696777344e+02, 3.218674011230469e+02, 3.218351745605469e+02, 3.217740783691406e+02, 3.235772094726562e+02, 3.217928161621094e+02, 3.218984069824219e+02, 3.216102600097656e+02, 3.214459228515625e+02, 3.215041198730469e+02, 3.215241088867188e+02, 3.214380798339844e+02, 3.213258972167969e+02, 3.286134033203125e+02, 3.211753845214844e+02, 3.208690185546875e+02, 3.203618774414062e+02, 3.201307983398438e+02, 3.201395874023438e+02, 3.204896545410156e+02, 3.209649353027344e+02, 3.210078125e+02, 3.209402465820312e+02, 3.208176879882812e+02, 3.206805725097656e+02, 3.208906555175781e+02, 3.215714721679688e+02, 3.223229064941406e+02, 3.23091796875e+02, 3.236080932617188e+02, 3.238983154296875e+02, 3.241372375488281e+02, 3.243818664550781e+02, 3.246510620117188e+02, 3.259171752929688e+02, 3.255628051757812e+02, 3.253113708496094e+02, 3.253804626464844e+02, 3.260938415527344e+02, 3.258104553222656e+02, 3.26001953125e+02, 3.266258544921875e+02]
outputs.building.TZone[1]=[2.931499938964844e+02, 2.881650695800781e+02, 2.886412353515625e+02, 2.890212707519531e+02, 2.892874755859375e+02, 2.893118591308594e+02, 2.892443542480469e+02, 2.891865844726562e+02, 2.891803894042969e+02, 2.891923828125e+02, 2.892073669433594e+02, 2.892278747558594e+02, 2.892603759765625e+02, 2.893864135742188e+02, 2.896890869140625e+02, 2.899728088378906e+02, 2.901645202636719e+02, 2.903611450195312e+02, 2.905276489257812e+02, 2.906739501953125e+02, 2.907500305175781e+02, 2.908500366210938e+02, 2.909486389160156e+02, 2.908995361328125e+02, 2.910292358398438e+02, 2.910376586914062e+02, 2.9101025390625e+02, 2.909692077636719e+02, 2.910677185058594e+02, 2.91194580078125e+02, 2.913446350097656e+02, 2.914750671386719e+02, 2.915254821777344e+02, 2.915509643554688e+02, 2.915418701171875e+02, 2.91509765625e+02, 2.914694213867188e+02, 2.914136047363281e+02, 2.913328247070312e+02, 2.912113647460938e+02, 2.911228332519531e+02, 2.9113671875e+02, 2.911490478515625e+02, 2.910999145507812e+02, 2.910250244140625e+02, 2.910600891113281e+02, 2.910060424804688e+02, 2.910119323730469e+02, 2.91024658203125e+02, 2.9101904296875e+02, 2.910099487304688e+02, 2.910191040039062e+02, 2.9103271484375e+02, 2.910474243164062e+02, 2.910626220703125e+02, 2.910803527832031e+02, 2.911013793945312e+02, 2.911232604980469e+02, 2.911457214355469e+02, 2.91169921875e+02, 2.911945190429688e+02, 2.9121484375e+02, 2.91233154296875e+02, 2.91327392578125e+02, 2.914765625e+02, 2.918023681640625e+02, 2.919292602539062e+02, 2.92023193359375e+02, 2.920776062011719e+02, 2.921567077636719e+02, 2.922385559082031e+02, 2.924995422363281e+02, 2.926506652832031e+02, 2.928522644042969e+02, 2.930333862304688e+02, 2.930688781738281e+02, 2.930309143066406e+02, 2.929842224121094e+02, 2.929605102539062e+02, 2.929872131347656e+02, 2.930430603027344e+02, 2.930907287597656e+02, 2.931161499023438e+02, 2.931243896484375e+02, 2.931357727050781e+02, 2.931763916015625e+02, 2.932217712402344e+02, 2.932550354003906e+02, 2.932342834472656e+02, 2.931170043945312e+02, 2.930297241210938e+02, 2.930386047363281e+02, 2.9303857421875e+02, 2.929625549316406e+02, 2.928740539550781e+02, 2.929850769042969e+02, 2.929312438964844e+02, 2.929382019042969e+02, 2.929443359375e+02, 2.9296337890625e+02, 2.929158020019531e+02]
electricalGrid.PElecGen=[0e+00, 0e+00]
electricalGrid.PElecLoa=[3.748332763671875e+03, 3.75062646484375e+03, 4.035583984375e+03, 4.44240185546875e+03, 4.030997802734375e+03, 3.411392333984375e+03, 3.3595263671875e+03, 3.330947509765625e+03, 3.335092529296875e+03, 3.33967236328125e+03, 3.34196533203125e+03, 3.3192509765625e+03, 3.239314208984375e+03, 3.19323779296875e+03, 3.132134521484375e+03, 3.076426025390625e+03, 3.09746240234375e+03, 3.043095947265625e+03, 2.89096337890625e+03, 2.85811474609375e+03, 2.96219287109375e+03, 2.92801904296875e+03, 4.69381884765625e+03, 3.59665380859375e+03, 2.853069091796875e+03, 2.71346875e+03, 2.654336181640625e+03, 2.61612744140625e+03, 2.611571044921875e+03, 2.590158447265625e+03, 2.41425634765625e+03, 2.264432373046875e+03, 2.32522998046875e+03, 2.356670654296875e+03, 2.374734375e+03, 2.38719677734375e+03, 2.390741455078125e+03, 2.399240478515625e+03, 2.46594482421875e+03, 2.52541650390625e+03, 2.577455078125e+03, 2.6195595703125e+03, 2.654421142578125e+03, 5.06917919921875e+03, 3.2954287109375e+03, 2.74577099609375e+03, 2.672010009765625e+03, 2.671870361328125e+03, 2.66834765625e+03, 2.6524541015625e+03, 2.6426240234375e+03, 2.646180908203125e+03, 2.655822509765625e+03, 2.674251953125e+03, 2.7153642578125e+03, 2.7695087890625e+03, 2.811539306640625e+03, 2.850907470703125e+03, 2.8902412109375e+03, 2.911886962890625e+03, 2.885126953125e+03, 2.861022216796875e+03, 2.840638916015625e+03, 4.83874169921875e+03, 3.502494140625e+03, 2.86457275390625e+03, 2.691262939453125e+03, 2.680568115234375e+03, 2.732227294921875e+03, 2.7113583984375e+03, 2.6630625e+03, 2.609195068359375e+03, 5.2767919921875e+03, 3.019458984375e+03, 2.40368359375e+03, 2.2641416015625e+03, 2.27724755859375e+03, 2.32851904296875e+03, 2.493875244140625e+03, 2.5896884765625e+03, 2.49991064453125e+03, 2.45639501953125e+03, 2.4104912109375e+03, 2.388295654296875e+03, 2.52664892578125e+03, 2.759707763671875e+03, 2.918474853515625e+03, 3.0865087890625e+03, 3.11279443359375e+03, 3.13687841796875e+03, 3.214350830078125e+03, 3.293744873046875e+03, 3.3781728515625e+03, 4.97126220703125e+03, 3.263966796875e+03, 3.307010009765625e+03, 3.523048095703125e+03, 2.717914794921875e+03, 3.5638759765625e+03, 3.328583984375e+03, 2.679487548828125e+03]
