last-generated=2025-01-02
statistics-initialization=
{
  "nonlinear": "5, 7, 1, 0, 1, 1",
  "numerical Jacobians": "0"
}
statistics-simulation=
{
  "linear": "0, 0, 0, 0, 0, 0, 0, 0",
  "nonlinear": "1, 1, 6, 1, 0, 1, 0, 1, 0, 1, 1",
  "number of continuous time states": "53",
  "numerical Jacobians": "0"
}
time=[0e+00, 1.728e+05]
weaDat.weaBus.TDryBul=[2.713500061035156e+02, 2.714423522949219e+02, 2.713688049316406e+02, 2.711300048828125e+02, 2.708900146484375e+02, 2.706499938964844e+02, 2.704100036621094e+02, 2.701031188964844e+02, 2.696802062988281e+02, 2.693132629394531e+02, 2.689815979003906e+02, 2.687498474121094e+02, 2.687302856445312e+02, 2.684281311035156e+02, 2.677860412597656e+02, 2.674700012207031e+02, 2.672780151367188e+02, 2.670859985351562e+02, 2.668940124511719e+02, 2.667543640136719e+02, 2.674586791992188e+02, 2.682342834472656e+02, 2.686448669433594e+02, 2.692129211425781e+02, 2.700237121582031e+02, 2.708500061035156e+02, 2.716349792480469e+02, 2.723893127441406e+02, 2.729895324707031e+02, 2.733184814453125e+02, 2.734673461914062e+02, 2.735424194335938e+02, 2.735648498535156e+02, 2.73562255859375e+02, 2.734952392578125e+02, 2.733829650878906e+02, 2.733241271972656e+02, 2.733239440917969e+02, 2.734044799804688e+02, 2.735684204101562e+02, 2.736940002441406e+02, 2.737637023925781e+02, 2.737111511230469e+02, 2.734936828613281e+02, 2.733190002441406e+02, 2.73205322265625e+02, 2.731450805664062e+02, 2.731335754394531e+02, 2.7315283203125e+02, 2.732023315429688e+02, 2.7325e+02, 2.732466735839844e+02, 2.732464294433594e+02, 2.733169860839844e+02, 2.734288940429688e+02, 2.735700073242188e+02, 2.737182312011719e+02, 2.738376770019531e+02, 2.739303588867188e+02, 2.739819946289062e+02, 2.740299987792969e+02, 2.740780029296875e+02, 2.741260070800781e+02, 2.741852416992188e+02, 2.742919921875e+02, 2.743815307617188e+02, 2.744320983886719e+02, 2.744386291503906e+02, 2.742976684570312e+02, 2.742652587890625e+02, 2.743667907714844e+02, 2.744607849121094e+02, 2.74489013671875e+02, 2.745615539550781e+02, 2.748076477050781e+02, 2.751499938964844e+02, 2.755416259765625e+02, 2.759237670898438e+02, 2.761777038574219e+02, 2.763310241699219e+02, 2.764301147460938e+02, 2.764605407714844e+02, 2.7639404296875e+02, 2.762903747558594e+02, 2.7616455078125e+02, 2.760198059082031e+02, 2.758236999511719e+02, 2.755619812011719e+02, 2.753553771972656e+02, 2.751993103027344e+02, 2.751300048828125e+02, 2.750820007324219e+02, 2.750339965820312e+02, 2.749859924316406e+02, 2.749522399902344e+02, 2.751499938964844e+02, 2.753774108886719e+02, 2.755320129394531e+02, 2.756587219238281e+02, 2.756750183105469e+02, 2.755499877929688e+02]
hydraulic.generation.sigBusGen.TBoiOut=[2.931499938964844e+02, 3.122162170410156e+02, 3.198975830078125e+02, 3.248110656738281e+02, 3.26578857421875e+02, 3.269331665039062e+02, 3.272239074707031e+02, 3.275844421386719e+02, 3.280823974609375e+02, 3.28517578125e+02, 3.289093627929688e+02, 3.291859741210938e+02, 3.292111511230469e+02, 3.295580749511719e+02, 3.303135070800781e+02, 3.306974792480469e+02, 3.309233703613281e+02, 3.311485900878906e+02, 3.313745422363281e+02, 3.315423583984375e+02, 3.307306823730469e+02, 3.298068237304688e+02, 3.2931591796875e+02, 3.286513671875e+02, 3.276962890625e+02, 3.267199096679688e+02, 3.257927551269531e+02, 3.249020385742188e+02, 3.241902770996094e+02, 3.237985534667969e+02, 3.23622314453125e+02, 3.235340576171875e+02, 3.23507568359375e+02, 3.235102844238281e+02, 3.235878601074219e+02, 3.237201538085938e+02, 3.237912292480469e+02, 3.237922973632812e+02, 3.236986694335938e+02, 3.235055847167969e+02, 3.233555297851562e+02, 3.232726440429688e+02, 3.23332275390625e+02, 3.235868835449219e+02, 3.237958984375e+02, 3.239306640625e+02, 3.240025329589844e+02, 3.240166625976562e+02, 3.239942932128906e+02, 3.239361267089844e+02, 3.238793334960938e+02, 3.238821105957031e+02, 3.238833618164062e+02, 3.238015747070312e+02, 3.236698913574219e+02, 3.235036926269531e+02, 3.233284606933594e+02, 3.231869201660156e+02, 3.230770568847656e+02, 3.230156860351562e+02, 3.229593811035156e+02, 3.229028930664062e+02, 3.228463134765625e+02, 3.227770690917969e+02, 3.226527709960938e+02, 3.225465698242188e+02, 3.224857788085938e+02, 3.224768676757812e+02, 3.226407470703125e+02, 3.226841125488281e+02, 3.2256640625e+02, 3.224545593261719e+02, 3.224216003417969e+02, 3.223416442871094e+02, 3.220629272460938e+02, 3.216657409667969e+02, 3.211898193359375e+02, 3.2072705078125e+02, 3.204251708984375e+02, 3.202445983886719e+02, 3.201317443847656e+02, 3.200930480957031e+02, 3.201669921875e+02, 3.20289794921875e+02, 3.204391174316406e+02, 3.206108093261719e+02, 3.208384704589844e+02, 3.211466979980469e+02, 3.213793029785156e+02, 3.215626525878906e+02, 3.216588745117188e+02, 3.217203674316406e+02, 3.217740783691406e+02, 3.218285217285156e+02, 3.218688354492188e+02, 3.216397094726562e+02, 3.213701782226562e+02, 3.2118798828125e+02, 3.210381164550781e+02, 3.210154724121094e+02, 3.21161376953125e+02]
outputs.building.TZone[1]=[2.931499938964844e+02, 2.884337768554688e+02, 2.890512390136719e+02, 2.894736633300781e+02, 2.89704833984375e+02, 2.896947937011719e+02, 2.896438598632812e+02, 2.895811767578125e+02, 2.895641479492188e+02, 2.89576904296875e+02, 2.895950317382812e+02, 2.896243286132812e+02, 2.8966845703125e+02, 2.897923583984375e+02, 2.901045227050781e+02, 2.904449462890625e+02, 2.907017822265625e+02, 2.909576416015625e+02, 2.911873779296875e+02, 2.915014953613281e+02, 2.917830200195312e+02, 2.921221313476562e+02, 2.924369201660156e+02, 2.925206604003906e+02, 2.923826904296875e+02, 2.923643798828125e+02, 2.922978210449219e+02, 2.921964111328125e+02, 2.922466125488281e+02, 2.923454284667969e+02, 2.924727172851562e+02, 2.926067810058594e+02, 2.926700134277344e+02, 2.927001037597656e+02, 2.926823425292969e+02, 2.926513366699219e+02, 2.926165466308594e+02, 2.925657653808594e+02, 2.924929809570312e+02, 2.92371337890625e+02, 2.92276611328125e+02, 2.922860107421875e+02, 2.922936401367188e+02, 2.922843322753906e+02, 2.922765197753906e+02, 2.922262878417969e+02, 2.921798095703125e+02, 2.921961364746094e+02, 2.922145080566406e+02, 2.922117614746094e+02, 2.922049865722656e+02, 2.92216796875e+02, 2.922353210449219e+02, 2.9225439453125e+02, 2.922707824707031e+02, 2.922857666015625e+02, 2.922992248535156e+02, 2.923124084472656e+02, 2.923264770507812e+02, 2.923416748046875e+02, 2.923586730957031e+02, 2.923757019042969e+02, 2.923927307128906e+02, 2.924900512695312e+02, 2.927346496582031e+02, 2.929501647949219e+02, 2.930680236816406e+02, 2.93173828125e+02, 2.932522583007812e+02, 2.934385375976562e+02, 2.936434326171875e+02, 2.938135070800781e+02, 2.939544372558594e+02, 2.93955322265625e+02, 2.93827392578125e+02, 2.936327209472656e+02, 2.934127197265625e+02, 2.932722473144531e+02, 2.932069702148438e+02, 2.931778259277344e+02, 2.931744079589844e+02, 2.931658935546875e+02, 2.931532287597656e+02, 2.931488037109375e+02, 2.931476440429688e+02, 2.931489868164062e+02, 2.931430053710938e+02, 2.931393737792969e+02, 2.931123657226562e+02, 2.930814514160156e+02, 2.930814819335938e+02, 2.931086730957031e+02, 2.931192932128906e+02, 2.931156921386719e+02, 2.9311279296875e+02, 2.931129455566406e+02, 2.93106201171875e+02, 2.931141052246094e+02, 2.931203918457031e+02, 2.931092834472656e+02, 2.931024475097656e+02]
electricalGrid.PElecGen=[0e+00, 0e+00]
electricalGrid.PElecLoa=[1.274347398430109e-02, 4.708958148956299e+00, 4.708958148956299e+00, 4.708958148956299e+00, 4.708958148956299e+00, 4.708958148956299e+00, 4.708958148956299e+00, 4.708958148956299e+00, 4.708958148956299e+00, 4.708958148956299e+00, 4.708958148956299e+00, 4.708958148956299e+00, 4.708958148956299e+00, 4.708958148956299e+00, 4.708958148956299e+00, 4.708958148956299e+00, 4.708958148956299e+00, 4.708958148956299e+00, 4.708958148956299e+00, 4.708958148956299e+00, 4.708958148956299e+00, 4.708958148956299e+00, 4.708958148956299e+00, 4.708958148956299e+00, 4.708958148956299e+00, 4.708958148956299e+00, 4.708958148956299e+00, 4.708958148956299e+00, 4.708958148956299e+00, 4.708958148956299e+00, 4.708958148956299e+00, 4.708958148956299e+00, 4.708958148956299e+00, 4.708958148956299e+00, 4.708958148956299e+00, 4.708958148956299e+00, 4.708958148956299e+00, 4.708958148956299e+00, 4.708958148956299e+00, 4.708958148956299e+00, 4.708958148956299e+00, 4.708958148956299e+00, 4.708958148956299e+00, 4.708958148956299e+00, 4.708958148956299e+00, 4.708958148956299e+00, 4.708958148956299e+00, 4.708958148956299e+00, 4.708958148956299e+00, 4.708958148956299e+00, 4.708958148956299e+00, 4.708958148956299e+00, 4.708958148956299e+00, 4.708958148956299e+00, 4.708958148956299e+00, 4.708958148956299e+00, 4.708958148956299e+00, 4.708958148956299e+00, 4.708958148956299e+00, 4.708958148956299e+00, 4.708958148956299e+00, 4.708958148956299e+00, 4.708958148956299e+00, 4.708958148956299e+00, 4.708958148956299e+00, 4.708958148956299e+00, 4.708958148956299e+00, 4.707678318023682e+00, 4.703182697296143e+00, 4.688933372497559e+00, 4.657493114471436e+00, 4.593178272247314e+00, 4.440018653869629e+00, 4.141918659210205e+00, 3.485879898071289e+00, 2.489548444747925e+00, 2.078051090240479e+00, 1.971774816513062e+00, 1.926775932312012e+00, 1.904149889945984e+00, 1.852121949195862e+00, 1.826011538505554e+00, 1.834252953529358e+00, 1.843149662017822e+00, 1.850702166557312e+00, 1.851441264152527e+00, 1.872159719467163e+00, 1.90281081199646e+00, 2.018154621124268e+00, 2.263328552246094e+00, 2.500096559524536e+00, 2.576513051986694e+00, 2.645667552947998e+00, 2.75739312171936e+00, 2.873969078063965e+00, 2.978183269500732e+00, 3.103637933731079e+00, 3.180322408676147e+00, 3.240734577178955e+00, 3.344091176986694e+00, 3.449596405029297e+00]
