last-generated=2024-11-22
statistics-initialization=
{
  "nonlinear": "5, 5, 5, 5, 5, 5, 5, 2, 5, 5, 3, 8, 7, 8, 7, 8, 9, 8, 9, 8, 9, 1, 1, 1, 1, 1, 1,   1, 1, 1, 1, 1",
  "numerical Jacobians": "0"
}
statistics-simulation=
{
  "linear": "0, 0, 0, 0, 0, 0, 0, 0, 0, 0, 0, 0, 0, 0, 0, 0, 0, 0, 0, 0, 0, 0, 0, 0, 0, 0, 0,   0, 0, 0, 0, 0, 0, 0, 0, 0, 0, 0, 0, 0, 0, 0, 0, 0, 0, 0, 0, 0, 0, 0, 0, 0, 0,   0, 0, 0, 0, 0, 0, 0, 0, 0, 0, 0, 0, 0, 0, 0, 0, 0, 0, 0, 0, 0, 0, 0, 0, 0, 0,   0, 0, 0, 0, 0, 0, 0, 0, 0, 0, 0, 0, 0, 0, 0, 0, 0, 0, 0, 0, 0, 0, 0, 0, 0, 0,   0, 0, 0, 0, 0, 0, 0, 0, 0, 0, 0, 0, 0, 0, 0, 0, 0, 0, 0, 0, 0, 0, 0, 0, 0, 0,   0, 0, 0, 0, 0, 0, 0, 0, 0, 0, 0, 0, 0, 0, 0, 0, 0, 0, 0, 0, 0, 0, 0, 0, 0, 0,   0, 0, 0, 0, 0, 0, 0, 0, 0, 0, 0, 0, 0, 0, 0, 0, 0, 0, 0, 0, 0, 0, 0, 0, 0, 0,   0, 0, 0, 0, 0, 0, 0, 0, 0, 0, 0, 0, 0, 0, 0, 0, 0, 0, 0, 0, 0, 0, 0, 0, 0, 0,   0, 0, 0, 0, 0, 0, 0, 0, 0, 0, 0, 0, 0, 0, 0, 0, 0, 0, 0, 0, 0, 0, 0, 0, 0, 0,   0, 0, 0, 0, 0, 0, 0, 0, 0, 0, 0, 0, 0, 0",
  "nonlinear": "2, 8, 7, 8, 7, 8, 9, 8, 9, 8, 9, 10, 1, 0, 1, 0, 1, 1, 1, 1, 1, 1, 1, 1, 1, 1, 1,   1",
  "number of continuous time states": "373",
  "numerical Jacobians": "0"
}
time=[0e+00, 1.728e+05]
weaDat.weaBus.TDryBul=[2.711499938964844e+02, 2.711964111328125e+02, 2.711585388183594e+02, 2.710329895019531e+02, 2.708773498535156e+02, 2.706598205566406e+02, 2.704615478515625e+02, 2.704500122070312e+02, 2.704500122070312e+02, 2.704500122070312e+02, 2.704500122070312e+02, 2.704904479980469e+02, 2.706648559570312e+02, 2.708219909667969e+02, 2.709660034179688e+02, 2.710835876464844e+02, 2.710487060546875e+02, 2.710967712402344e+02, 2.713839721679688e+02, 2.715577392578125e+02, 2.713986511230469e+02, 2.713771667480469e+02, 2.716394348144531e+02, 2.718602600097656e+02, 2.719464111328125e+02, 2.720499877929688e+02, 2.722364196777344e+02, 2.724353637695312e+02, 2.725456237792969e+02, 2.726259155273438e+02, 2.730393371582031e+02, 2.736041564941406e+02, 2.736746826171875e+02, 2.736636657714844e+02, 2.736180114746094e+02, 2.735700073242188e+02, 2.735389404296875e+02, 2.735155944824219e+02, 2.7335400390625e+02, 2.731619873046875e+02, 2.729700012207031e+02, 2.727780151367188e+02, 2.72593994140625e+02, 2.724955749511719e+02, 2.724342651367188e+02, 2.723796081542969e+02, 2.723463134765625e+02, 2.723376770019531e+02, 2.723522033691406e+02, 2.724003295898438e+02, 2.724500122070312e+02, 2.724666442871094e+02, 2.724525451660156e+02, 2.724020690917969e+02, 2.722803344726562e+02, 2.720899963378906e+02, 2.718980102539062e+02, 2.717059936523438e+02, 2.715140075683594e+02, 2.713631591796875e+02, 2.713411865234375e+02, 2.713729858398438e+02, 2.714293518066406e+02, 2.714556884765625e+02, 2.714446716308594e+02, 2.714856872558594e+02, 2.716668701171875e+02, 2.717514038085938e+02, 2.716672058105469e+02, 2.716678771972656e+02, 2.71758056640625e+02, 2.718697814941406e+02, 2.7200390625e+02, 2.721656494140625e+02, 2.724968872070312e+02, 2.728500061035156e+02, 2.729950561523438e+02, 2.729598999023438e+02, 2.725846862792969e+02, 2.721623229980469e+02, 2.721732788085938e+02, 2.722332153320312e+02, 2.723517456054688e+02, 2.724693908691406e+02, 2.722129516601562e+02, 2.715361633300781e+02, 2.708384399414062e+02, 2.701152648925781e+02, 2.6966552734375e+02, 2.693913269042969e+02, 2.691483459472656e+02, 2.68912841796875e+02, 2.686530456542969e+02, 2.682867126464844e+02, 2.680051879882812e+02, 2.680009765625e+02, 2.679133911132812e+02, 2.676651611328125e+02, 2.674332275390625e+02, 2.672374267578125e+02, 2.670499877929688e+02]
hydraulic.generation.sigBusGen.TGenOutMea=[2.931499938964844e+02, 3.071937561035156e+02, 3.193673095703125e+02, 3.227976989746094e+02, 3.229949035644531e+02, 3.231860656738281e+02, 3.233798217773438e+02, 3.234061279296875e+02, 3.233993225097656e+02, 3.233957824707031e+02, 3.233946228027344e+02, 3.233654174804688e+02, 3.232124938964844e+02, 3.23055419921875e+02, 3.229189147949219e+02, 3.228557739257812e+02, 3.228639831542969e+02, 3.228212890625e+02, 3.221616516113281e+02, 3.222569274902344e+02, 3.221854858398438e+02, 3.221894226074219e+02, 3.223317260742188e+02, 3.221146850585938e+02, 3.220039978027344e+02, 3.21908935546875e+02, 3.217408447265625e+02, 3.215701293945312e+02, 3.203517761230469e+02, 3.217218627929688e+02, 3.211617431640625e+02, 3.20500244140625e+02, 3.203591918945312e+02, 3.203742980957031e+02, 3.204183959960938e+02, 3.204681701660156e+02, 3.2052783203125e+02, 3.205505676269531e+02, 3.207562866210938e+02, 3.209132690429688e+02, 3.209330139160156e+02, 3.207297668457031e+02, 3.210226440429688e+02, 3.215278625488281e+02, 3.215689392089844e+02, 3.216022338867188e+02, 3.185361022949219e+02, 3.220051879882812e+02, 3.218677978515625e+02, 3.216343078613281e+02, 3.21534912109375e+02, 3.215096435546875e+02, 3.215220642089844e+02, 3.215680541992188e+02, 3.216763610839844e+02, 3.218535766601562e+02, 3.220364990234375e+02, 3.222166748046875e+02, 3.22395751953125e+02, 3.225437927246094e+02, 3.225723876953125e+02, 3.225404663085938e+02, 3.224847717285156e+02, 3.22453369140625e+02, 3.224617919921875e+02, 3.224813232421875e+02, 3.223739624023438e+02, 3.219439392089844e+02, 3.219543762207031e+02, 3.220563659667969e+02, 3.216653747558594e+02, 3.218173522949219e+02, 3.22023193359375e+02, 3.219090270996094e+02, 3.216254577636719e+02, 3.247022094726562e+02, 3.214199829101562e+02, 3.212924499511719e+02, 3.213617858886719e+02, 3.217572021484375e+02, 3.218211059570312e+02, 3.21744873046875e+02, 3.216312255859375e+02, 3.215040283203125e+02, 3.216343994140625e+02, 3.222965087890625e+02, 3.231593933105469e+02, 3.237537536621094e+02, 3.241010131835938e+02, 3.245499877929688e+02, 3.244242553710938e+02, 3.244549865722656e+02, 3.247929992675781e+02, 3.255322570800781e+02, 3.257178344726562e+02, 3.122523193359375e+02, 3.32890625e+02, 3.263162231445312e+02, 3.265519104003906e+02, 3.264717712402344e+02, 3.265750732421875e+02]
hydraulic.control.buiMeaBus.TZoneMea[1]=[2.951099853515625e+02, 2.893056945800781e+02, 2.911288452148438e+02, 2.91587890625e+02, 2.91770263671875e+02, 2.918899841308594e+02, 2.919924011230469e+02, 2.920836791992188e+02, 2.921606140136719e+02, 2.92232177734375e+02, 2.923009033203125e+02, 2.923680419921875e+02, 2.924305114746094e+02, 2.924839782714844e+02, 2.925361022949219e+02, 2.92588623046875e+02, 2.92651123046875e+02, 2.927092895507812e+02, 2.815945129394531e+02, 2.888525390625e+02, 2.921558532714844e+02, 2.92524658203125e+02, 2.927222900390625e+02, 2.928508605957031e+02, 2.929319763183594e+02, 2.930120544433594e+02, 2.930908813476562e+02, 2.930381164550781e+02, 2.926795654296875e+02, 2.931760864257812e+02, 2.932713012695312e+02, 2.932809143066406e+02, 2.9327294921875e+02, 2.932820739746094e+02, 2.932921447753906e+02, 2.933153076171875e+02, 2.945548706054688e+02, 2.947605895996094e+02, 2.948648376464844e+02, 2.827970275878906e+02, 2.9329443359375e+02, 2.9516357421875e+02, 2.954494018554688e+02, 2.955694274902344e+02, 2.954447937011719e+02, 2.954109497070312e+02, 2.939635009765625e+02, 2.938135375976562e+02, 2.939364318847656e+02, 2.939490661621094e+02, 2.939673156738281e+02, 2.939952087402344e+02, 2.940283508300781e+02, 2.94064208984375e+02, 2.941022338867188e+02, 2.941445922851562e+02, 2.941905212402344e+02, 2.942369689941406e+02, 2.942835083007812e+02, 2.943306579589844e+02, 2.943748168945312e+02, 2.944121398925781e+02, 2.944457702636719e+02, 2.944773254394531e+02, 2.945101623535156e+02, 2.945469360351562e+02, 2.945926208496094e+02, 2.946030883789062e+02, 2.824635009765624e+02, 2.900310058593748e+02, 2.940346984863281e+02, 2.950538635253906e+02, 2.962500305175781e+02, 2.968366394042969e+02, 2.965649108886719e+02, 2.960704650878906e+02, 2.954268493652344e+02, 2.948857116699219e+02, 2.947507934570312e+02, 2.947461547851562e+02, 2.948112487792969e+02, 2.948717651367188e+02, 2.949202270507812e+02, 2.949530029296875e+02, 2.949682922363281e+02, 2.949984741210938e+02, 2.95974853515625e+02, 2.956851806640625e+02, 2.954531555175781e+02, 2.807401123046875e+02, 2.942366943359375e+02, 2.959180908203125e+02, 2.956533813476562e+02, 2.953973388671875e+02, 2.9512451171875e+02, 2.951760559082031e+02, 2.940571899414062e+02, 2.945352478027344e+02, 2.948313903808594e+02, 2.949393310546875e+02, 2.950150756835938e+02]
hydraulic.control.buiMeaBus.TZoneMea[10]=[2.951099853515625e+02, 2.901042785644531e+02, 2.915914916992188e+02, 2.920424499511719e+02, 2.923152160644531e+02, 2.925328369140625e+02, 2.927234191894531e+02, 2.928899230957031e+02, 2.930345764160156e+02, 2.93166748046875e+02, 2.932901306152344e+02, 2.934067687988281e+02, 2.935135498046875e+02, 2.9360986328125e+02, 2.937022705078125e+02, 2.933648986816406e+02, 2.933670349121094e+02, 2.92934326171875e+02, 2.921466064453125e+02, 2.932794494628906e+02, 2.836554565429688e+02, 2.894501342773438e+02, 2.927047424316406e+02, 2.929828491210938e+02, 2.93160400390625e+02, 2.933056945800781e+02, 2.934302978515625e+02, 2.934462585449219e+02, 2.932306823730469e+02, 2.936348571777344e+02, 2.94477294921875e+02, 2.946045532226562e+02, 2.946986389160156e+02, 2.947903442382812e+02, 2.941533508300781e+02, 2.941326293945312e+02, 2.957854919433594e+02, 2.95962158203125e+02, 2.937810363769531e+02, 2.936510314941406e+02, 2.942305908203125e+02, 2.842432861328125e+02, 2.932640686035156e+02, 2.949530944824219e+02, 2.9471923828125e+02, 2.947169799804688e+02, 2.944091186523438e+02, 2.947959289550781e+02, 2.949728698730469e+02, 2.950517272949219e+02, 2.951245422363281e+02, 2.951940002441406e+02, 2.95255615234375e+02, 2.953100891113281e+02, 2.953577880859375e+02, 2.954000549316406e+02, 2.954346618652344e+02, 2.954587097167969e+02, 2.954713134765625e+02, 2.954722595214844e+02, 2.954595031738281e+02, 2.954335327148438e+02, 2.953997802734375e+02, 2.95362548828125e+02, 2.953266296386719e+02, 2.949255065917969e+02, 2.949585876464844e+02, 2.945755920410156e+02, 2.937847900390625e+02, 2.948365783691406e+02, 2.849308776855469e+02, 2.913874816894531e+02, 2.949196472167969e+02, 2.954186401367188e+02, 2.957005615234375e+02, 2.957682189941406e+02, 2.956745300292969e+02, 2.95623291015625e+02, 2.954524536132812e+02, 2.953276062011719e+02, 2.95707275390625e+02, 2.954488830566406e+02, 2.952896423339844e+02, 2.951982116699219e+02, 2.947185363769531e+02, 2.94884033203125e+02, 2.961979675292969e+02, 2.958469848632812e+02, 2.94041015625e+02, 2.943447570800781e+02, 2.950133056640625e+02, 2.833363037109375e+02, 2.943930053710938e+02, 2.959603271484375e+02, 2.955102233886719e+02, 2.954712829589844e+02, 2.953620910644531e+02, 2.953455505371094e+02, 2.953685913085938e+02, 2.953018798828125e+02, 2.952510681152344e+02]
electricalGrid.PElecGen=[0e+00, 0e+00]
electricalGrid.PElecLoa=[2.257283447265625e+03, 2.257765380859375e+03, 2.937881103515625e+03, 1.718630249023438e+03, 1.685183959960938e+03, 1.6965546875e+03, 1.697890258789062e+03, 1.661836669921875e+03, 1.645379028320312e+03, 1.633397705078125e+03, 1.62216357421875e+03, 1.599078369140625e+03, 1.552310791015625e+03, 1.527850463867188e+03, 1.505161743164062e+03, 1.4338310546875e+03, 1.390007934570312e+03, 1.378866333007812e+03, 1.693608764648438e+03, 1.645495483398438e+03, 1.474755126953125e+03, 1.659468505859375e+03, 1.487863525390625e+03, 1.416154174804688e+03, 1.405800537109375e+03, 1.384153930664062e+03, 1.349090209960938e+03, 2.886423583984375e+03, 2.807350830078126e+03, 1.410684448242188e+03, 1.204969482421875e+03, 1.151480224609375e+03, 1.19775537109375e+03, 1.21028857421875e+03, 1.220648315429688e+03, 1.225078369140625e+03, 1.193257568359375e+03, 1.156741088867188e+03, 1.09493896484375e+03, 1.049421508789062e+03, 1.197066528320312e+03, 1.20130810546875e+03, 1.538067626953125e+03, 1.284010498046875e+03, 1.229575439453125e+03, 1.215104125976562e+03, 2.6387412109375e+03, 1.644696655273438e+03, 1.271109985351562e+03, 1.243584228515625e+03, 1.240835205078125e+03, 1.235693359375e+03, 1.228374755859375e+03, 1.222757690429688e+03, 1.22618115234375e+03, 1.232586303710938e+03, 1.231895141601562e+03, 1.230944458007812e+03, 1.230616821289062e+03, 1.22131591796875e+03, 1.197091430664062e+03, 1.1789619140625e+03, 1.163533203125e+03, 1.15682373046875e+03, 1.153081298828125e+03, 1.0904267578125e+03, 9.302843627929688e+02, 1.199536987304688e+03, 1.388652709960935e+03, 1.485561279296888e+03, 1.347513671875003e+03, 1.368554443359375e+03, 1.236440673828125e+03, 1.077580200195312e+03, 9.01291259765625e+02, 3.05545556640625e+03, 1.231373413085938e+03, 8.9269384765625e+02, 1.008770080566406e+03, 1.063654907226562e+03, 9.859666748046875e+02, 9.620830688476562e+02, 9.3912158203125e+02, 9.3329150390625e+02, 1.073152954101562e+03, 1.163423828125e+03, 1.004574401855469e+03, 9.714002075195312e+02, 1.047123046875e+03, 8.65908935546875e+02, 1.250571533203125e+03, 1.393734619140625e+03, 1.487363159179688e+03, 1.16417626953125e+03, 1.104942504882812e+03, 2.294885009765625e+03, 3.41956494140625e+03, 1.879453369140625e+03, 1.261307006835938e+03, 1.243431762695312e+03, 1.2569189453125e+03]
