last-generated=2024-12-05
statistics-initialization=
{
  "nonlinear": "5, 7, 1, 0, 1",
  "numerical Jacobians": "0"
}
statistics-simulation=
{
  "linear": "0, 0, 0, 0, 0, 0, 0, 0",
  "nonlinear": "1, 6, 1, 0, 1, 0, 1, 0, 1, 1",
  "number of continuous time states": "54",
  "numerical Jacobians": "0"
}
time=[0e+00, 1.728e+05]
weaDat.weaBus.TDryBul=[2.713500061035156e+02, 2.714423522949219e+02, 2.713688049316406e+02, 2.711300048828125e+02, 2.708900146484375e+02, 2.706499938964844e+02, 2.704100036621094e+02, 2.701031188964844e+02, 2.696802062988281e+02, 2.693132629394531e+02, 2.689815979003906e+02, 2.687498474121094e+02, 2.687302856445312e+02, 2.684281311035156e+02, 2.677860412597656e+02, 2.674700012207031e+02, 2.672780151367188e+02, 2.670859985351562e+02, 2.668940124511719e+02, 2.667543640136719e+02, 2.674586791992188e+02, 2.682342834472656e+02, 2.686448669433594e+02, 2.692129211425781e+02, 2.700237121582031e+02, 2.708500061035156e+02, 2.716349792480469e+02, 2.723893127441406e+02, 2.729895324707031e+02, 2.733184814453125e+02, 2.734673461914062e+02, 2.735424194335938e+02, 2.735648498535156e+02, 2.73562255859375e+02, 2.734952392578125e+02, 2.733829650878906e+02, 2.733241271972656e+02, 2.733239440917969e+02, 2.734044799804688e+02, 2.735684204101562e+02, 2.736940002441406e+02, 2.737637023925781e+02, 2.737111511230469e+02, 2.734936828613281e+02, 2.733190002441406e+02, 2.73205322265625e+02, 2.731450805664062e+02, 2.731335754394531e+02, 2.7315283203125e+02, 2.732023315429688e+02, 2.7325e+02, 2.732466735839844e+02, 2.732464294433594e+02, 2.733169860839844e+02, 2.734288940429688e+02, 2.735700073242188e+02, 2.737182312011719e+02, 2.738376770019531e+02, 2.739303588867188e+02, 2.739819946289062e+02, 2.740299987792969e+02, 2.740780029296875e+02, 2.741260070800781e+02, 2.741852416992188e+02, 2.742919921875e+02, 2.743815307617188e+02, 2.744320983886719e+02, 2.744386291503906e+02, 2.742976684570312e+02, 2.742652587890625e+02, 2.743667907714844e+02, 2.744607849121094e+02, 2.74489013671875e+02, 2.745615539550781e+02, 2.748076477050781e+02, 2.751499938964844e+02, 2.755416259765625e+02, 2.759237670898438e+02, 2.761777038574219e+02, 2.763310241699219e+02, 2.764301147460938e+02, 2.764605407714844e+02, 2.7639404296875e+02, 2.762903747558594e+02, 2.7616455078125e+02, 2.760198059082031e+02, 2.758236999511719e+02, 2.755619812011719e+02, 2.753553771972656e+02, 2.751993103027344e+02, 2.751300048828125e+02, 2.750820007324219e+02, 2.750339965820312e+02, 2.749859924316406e+02, 2.749522399902344e+02, 2.751499938964844e+02, 2.753774108886719e+02, 2.755320129394531e+02, 2.756587219238281e+02, 2.756750183105469e+02, 2.755499877929688e+02]
hydraulic.generation.sigBusGen.TBoiOut=[2.931499938964844e+02, 3.108799133300781e+02, 3.170564880371094e+02, 3.200892333984375e+02, 3.204576721191406e+02, 3.206992492675781e+02, 3.209244689941406e+02, 3.212082824707031e+02, 3.216012573242188e+02, 3.219446105957031e+02, 3.222538452148438e+02, 3.224723510742188e+02, 3.224922790527344e+02, 3.227662048339844e+02, 3.233619995117188e+02, 3.236645812988281e+02, 3.23843505859375e+02, 3.240215759277344e+02, 3.241999206542969e+02, 3.243326110839844e+02, 3.236917724609375e+02, 3.229634399414062e+02, 3.225759887695312e+02, 3.220509643554688e+02, 3.2129736328125e+02, 3.2052734375e+02, 3.197955017089844e+02, 3.190924682617188e+02, 3.185313415527344e+02, 3.182221069335938e+02, 3.180827331542969e+02, 3.180127868652344e+02, 3.179915161132812e+02, 3.179934997558594e+02, 3.180544738769531e+02, 3.181587524414062e+02, 3.182147521972656e+02, 3.182156677246094e+02, 3.181421508789062e+02, 3.17990478515625e+02, 3.17872314453125e+02, 3.178065185546875e+02, 3.178532104492188e+02, 3.180538940429688e+02, 3.182186889648438e+02, 3.183248901367188e+02, 3.183816833496094e+02, 3.183931579589844e+02, 3.183756103515625e+02, 3.183296813964844e+02, 3.182848815917969e+02, 3.18287109375e+02, 3.182880554199219e+02, 3.182235412597656e+02, 3.181197204589844e+02, 3.179886169433594e+02, 3.178503723144531e+02, 3.177386474609375e+02, 3.176519165039062e+02, 3.176034545898438e+02, 3.175589599609375e+02, 3.175143737792969e+02, 3.174697265625e+02, 3.174151611328125e+02, 3.173167114257812e+02, 3.172327575683594e+02, 3.171851196289062e+02, 3.171780700683594e+02, 3.173073425292969e+02, 3.173414611816406e+02, 3.172481689453125e+02, 3.171595153808594e+02, 3.171320190429688e+02, 3.170653991699219e+02, 3.16838623046875e+02, 3.16520263671875e+02, 3.161561279296875e+02, 3.157991943359375e+02, 3.155608520507812e+02, 3.154173278808594e+02, 3.153251342773438e+02, 3.152958984375e+02, 3.153567504882812e+02, 3.154530944824219e+02, 3.155702209472656e+02, 3.157047424316406e+02, 3.1588623046875e+02, 3.1612939453125e+02, 3.163231201171875e+02, 3.164692077636719e+02, 3.165348815917969e+02, 3.165792541503906e+02, 3.166236877441406e+02, 3.166681823730469e+02, 3.167001647949219e+02, 3.1652001953125e+02, 3.163065795898438e+02, 3.161617431640625e+02, 3.160434265136719e+02, 3.160261535644531e+02, 3.161408386230469e+02]
outputs.building.TZone[1]=[2.931499938964844e+02, 2.886510314941406e+02, 2.894646301269531e+02, 2.899568786621094e+02, 2.901081237792969e+02, 2.901030883789062e+02, 2.900737609863281e+02, 2.900344543457031e+02, 2.900454406738281e+02, 2.900917663574219e+02, 2.901448669433594e+02, 2.902092590332031e+02, 2.902916259765625e+02, 2.904031066894531e+02, 2.906165466308594e+02, 2.908919067382812e+02, 2.911759643554688e+02, 2.914585876464844e+02, 2.917190551757812e+02, 2.920289306640625e+02, 2.922672729492188e+02, 2.925113525390625e+02, 2.927164611816406e+02, 2.927828979492188e+02, 2.926636047363281e+02, 2.926121215820312e+02, 2.92503662109375e+02, 2.923748779296875e+02, 2.924225463867188e+02, 2.925210266113281e+02, 2.926430053710938e+02, 2.927748107910156e+02, 2.928339538574219e+02, 2.92853271484375e+02, 2.92822509765625e+02, 2.927661743164062e+02, 2.927080688476562e+02, 2.926372680664062e+02, 2.925998840332031e+02, 2.926178283691406e+02, 2.92632080078125e+02, 2.926528015136719e+02, 2.926690979003906e+02, 2.926698303222656e+02, 2.926732177734375e+02, 2.926237182617188e+02, 2.925782470703125e+02, 2.926059875488281e+02, 2.926356506347656e+02, 2.926462097167969e+02, 2.926524658203125e+02, 2.926739196777344e+02, 2.927016296386719e+02, 2.927306823730469e+02, 2.927565307617188e+02, 2.927799072265625e+02, 2.928008117675781e+02, 2.928202209472656e+02, 2.928401184082031e+02, 2.928607788085938e+02, 2.928835754394531e+02, 2.929065856933594e+02, 2.929294738769531e+02, 2.929823608398438e+02, 2.930889587402344e+02, 2.931915283203125e+02, 2.932914733886719e+02, 2.933834228515625e+02, 2.934479675292969e+02, 2.935819396972656e+02, 2.93706787109375e+02, 2.93803466796875e+02, 2.93885986328125e+02, 2.93897216796875e+02, 2.938516540527344e+02, 2.938221130371094e+02, 2.937766418457031e+02, 2.937260437011719e+02, 2.937157897949219e+02, 2.937283935546875e+02, 2.937722473144531e+02, 2.938173828125e+02, 2.938399047851562e+02, 2.938558349609375e+02, 2.938699951171875e+02, 2.93883544921875e+02, 2.938884582519531e+02, 2.938827514648438e+02, 2.938906555175781e+02, 2.939137268066406e+02, 2.939364624023438e+02, 2.939602355957031e+02, 2.939777221679688e+02, 2.939744567871094e+02, 2.9396923828125e+02, 2.939563598632812e+02, 2.939309997558594e+02, 2.939322204589844e+02, 2.939373779296875e+02, 2.939250183105469e+02, 2.939168090820312e+02]
electricalGrid.PElecGen=[0e+00, 0e+00]
electricalGrid.PElecLoa=[1.282490539550781e+01, 1.415709972381592e+01, 1.415709972381592e+01, 1.415709972381592e+01, 1.415709972381592e+01, 1.415709972381592e+01, 1.415709972381592e+01, 1.415709972381592e+01, 1.415709972381592e+01, 1.415709972381592e+01, 1.415709972381592e+01, 1.415709972381592e+01, 1.415709972381592e+01, 1.415709972381592e+01, 1.415709972381592e+01, 1.415709972381592e+01, 1.415709972381592e+01, 1.415709972381592e+01, 1.415709972381592e+01, 1.415709972381592e+01, 1.415709972381592e+01, 1.415709972381592e+01, 1.415709972381592e+01, 1.415709972381592e+01, 1.415709972381592e+01, 1.415709972381592e+01, 1.415709972381592e+01, 1.415709972381592e+01, 1.415709972381592e+01, 1.415709972381592e+01, 1.415709972381592e+01, 1.415709972381592e+01, 1.415709972381592e+01, 1.415709972381592e+01, 1.415709972381592e+01, 1.415709972381592e+01, 1.415709972381592e+01, 1.415709972381592e+01, 1.415709972381592e+01, 1.415709972381592e+01, 1.415709972381592e+01, 1.415709972381592e+01, 1.415709972381592e+01, 1.415709972381592e+01, 1.415709972381592e+01, 1.415709972381592e+01, 1.415709972381592e+01, 1.415709972381592e+01, 1.415709972381592e+01, 1.415709972381592e+01, 1.415709972381592e+01, 1.415709972381592e+01, 1.415709972381592e+01, 1.415709972381592e+01, 1.415709972381592e+01, 1.415709972381592e+01, 1.415709972381592e+01, 1.415709972381592e+01, 1.415709972381592e+01, 1.415709972381592e+01, 1.415709972381592e+01, 1.415709972381592e+01, 1.415709972381592e+01, 1.415709972381592e+01, 1.415709972381592e+01, 1.415709972381592e+01, 1.415709972381592e+01, 1.415709972381592e+01, 1.415709972381592e+01, 1.415709972381592e+01, 1.415709972381592e+01, 1.415709972381592e+01, 1.415709972381592e+01, 1.415709972381592e+01, 1.415709972381592e+01, 1.415709972381592e+01, 1.415709972381592e+01, 1.415709972381592e+01, 1.415709972381592e+01, 1.415709972381592e+01, 1.415709972381592e+01, 1.415709972381592e+01, 1.415709972381592e+01, 1.415709972381592e+01, 1.415709972381592e+01, 1.415709972381592e+01, 1.415709972381592e+01, 1.415709972381592e+01, 1.415709972381592e+01, 1.415709972381592e+01, 1.415709972381592e+01, 1.415709972381592e+01, 1.415709972381592e+01, 1.415709972381592e+01, 1.415709972381592e+01, 1.415709972381592e+01, 1.415709972381592e+01, 1.415709972381592e+01, 1.415709972381592e+01, 1.415709972381592e+01, 1.415709972381592e+01]
