last-generated=2024-07-16
statistics-initialization=
{
  "linear": "0",
  "nonlinear": "5, 7, 2, 0, 0, 1, 1",
  "numerical Jacobians": "0"
}
statistics-simulation=
{
  "linear": "0, 0, 0, 0, 0, 0, 0, 0",
  "nonlinear": "2, 6, 1, 0, 1, 0, 1, 0, 1, 1, 1",
  "number of continuous time states": "72",
  "numerical Jacobians": "0"
}
time=[0e+00, 1.728e+05]
weaDat.weaBus.TDryBul=[2.711499938964844e+02, 2.711964111328125e+02, 2.711585388183594e+02, 2.710329895019531e+02, 2.708773498535156e+02, 2.706598205566406e+02, 2.704615478515625e+02, 2.704500122070312e+02, 2.704500122070312e+02, 2.704500122070312e+02, 2.704500122070312e+02, 2.704904479980469e+02, 2.706648559570312e+02, 2.708219909667969e+02, 2.709660034179688e+02, 2.710835876464844e+02, 2.710487060546875e+02, 2.710967712402344e+02, 2.713839721679688e+02, 2.715577392578125e+02, 2.713986511230469e+02, 2.713771667480469e+02, 2.716394348144531e+02, 2.718602600097656e+02, 2.719464111328125e+02, 2.720499877929688e+02, 2.722364196777344e+02, 2.724353637695312e+02, 2.725456237792969e+02, 2.726259155273438e+02, 2.730393371582031e+02, 2.736041564941406e+02, 2.736746826171875e+02, 2.736636657714844e+02, 2.736180114746094e+02, 2.735700073242188e+02, 2.735389404296875e+02, 2.735155944824219e+02, 2.7335400390625e+02, 2.731619873046875e+02, 2.729700012207031e+02, 2.727780151367188e+02, 2.72593994140625e+02, 2.724955749511719e+02, 2.724342651367188e+02, 2.723796081542969e+02, 2.723463134765625e+02, 2.723376770019531e+02, 2.723522033691406e+02, 2.724003295898438e+02, 2.724500122070312e+02, 2.724666442871094e+02, 2.724525451660156e+02, 2.724020690917969e+02, 2.722803344726562e+02, 2.720899963378906e+02, 2.718980102539062e+02, 2.717059936523438e+02, 2.715140075683594e+02, 2.713631591796875e+02, 2.713411865234375e+02, 2.713729858398438e+02, 2.714293518066406e+02, 2.714556884765625e+02, 2.714446716308594e+02, 2.714856872558594e+02, 2.716668701171875e+02, 2.717514038085938e+02, 2.716672058105469e+02, 2.716678771972656e+02, 2.71758056640625e+02, 2.718697814941406e+02, 2.7200390625e+02, 2.721656494140625e+02, 2.724968872070312e+02, 2.728500061035156e+02, 2.729950561523438e+02, 2.729598999023438e+02, 2.725846862792969e+02, 2.721623229980469e+02, 2.721732788085938e+02, 2.722332153320312e+02, 2.723517456054688e+02, 2.724693908691406e+02, 2.722129516601562e+02, 2.715361633300781e+02, 2.708384399414062e+02, 2.701152648925781e+02, 2.6966552734375e+02, 2.693913269042969e+02, 2.691483459472656e+02, 2.68912841796875e+02, 2.686530456542969e+02, 2.682867126464844e+02, 2.680051879882812e+02, 2.680009765625e+02, 2.679133911132812e+02, 2.676651611328125e+02, 2.674332275390625e+02, 2.672374267578125e+02, 2.670499877929688e+02]
hydraulic.generation.sigBusGen.TGenOutMea=[2.931499938964844e+02, 3.089097900390625e+02, 3.169534301757812e+02, 3.219212951660156e+02, 3.249086608886719e+02, 3.266421508789062e+02, 3.276005859375e+02, 3.278534851074219e+02, 3.278287658691406e+02, 3.278040466308594e+02, 3.277965087890625e+02, 3.277693786621094e+02, 3.276161499023438e+02, 3.274412841796875e+02, 3.272928771972656e+02, 3.271624450683594e+02, 3.271659545898438e+02, 3.271467895507812e+02, 3.268902282714844e+02, 3.266611938476562e+02, 3.267593688964844e+02, 3.268376159667969e+02, 3.266109619140625e+02, 3.226101379394531e+02, 3.001298217773438e+02, 2.948038330078125e+02, 2.935419006347656e+02, 2.932428588867188e+02, 3.135110168457032e+02, 3.206701354980469e+02, 3.24949951171875e+02, 3.219051208496094e+02, 3.247024536132812e+02, 3.246370239257812e+02, 3.2452001953125e+02, 3.24520751953125e+02, 3.0669970703125e+02, 2.963600463867188e+02, 2.939105834960938e+02, 2.933302307128906e+02, 3.085238952636719e+02, 3.175549621582031e+02, 3.2316845703125e+02, 3.257992553710938e+02, 3.258955078125e+02, 3.258182373046875e+02, 3.2580810546875e+02, 3.25813720703125e+02, 3.25802734375e+02, 3.257575988769531e+02, 3.257024536132812e+02, 3.256784362792969e+02, 3.256885986328125e+02, 3.217817687988281e+02, 3.255741882324219e+02, 3.262804870605469e+02, 3.263461608886719e+02, 3.264707641601562e+02, 3.266513366699219e+02, 3.268197631835938e+02, 3.2686767578125e+02, 3.268406677246094e+02, 3.267802734375e+02, 3.267438659667969e+02, 3.267572631835938e+02, 3.267331848144531e+02, 3.265610961914062e+02, 3.264395751953125e+02, 3.265023193359375e+02, 3.265351867675781e+02, 3.264601135253906e+02, 3.263723754882812e+02, 3.208203430175781e+02, 2.997056884765625e+02, 2.947032165527344e+02, 2.935180053710938e+02, 2.932371826171875e+02, 3.30403076171875e+02, 3.180208129882812e+02, 3.239972839355469e+02, 3.263303833007812e+02, 3.261866149902344e+02, 3.2593017578125e+02, 3.25742919921875e+02, 3.259348449707031e+02, 3.065680847167969e+02, 2.963289794921875e+02, 2.939031372070312e+02, 2.933284301757812e+02, 3.097825317382812e+02, 3.1764306640625e+02, 3.225293273925781e+02, 3.254850769042969e+02, 3.27192138671875e+02, 3.283797607421875e+02, 3.292589721679688e+02, 3.29969482421875e+02, 3.307695922851562e+02, 3.260815734863281e+02, 3.290172729492188e+02, 3.312119750976562e+02]
outputs.building.TZone[1]=[2.931499938964844e+02, 2.882499389648438e+02, 2.888918762207031e+02, 2.893286437988281e+02, 2.895913696289062e+02, 2.897240905761719e+02, 2.897719116210938e+02, 2.897857666015625e+02, 2.898103332519531e+02, 2.898447875976562e+02, 2.898819885253906e+02, 2.89925048828125e+02, 2.899801330566406e+02, 2.901293029785156e+02, 2.904572143554688e+02, 2.907664794921875e+02, 2.90984375e+02, 2.912081909179688e+02, 2.914019165039062e+02, 2.915742797851562e+02, 2.916720886230469e+02, 2.91794921875e+02, 2.919207153320312e+02, 2.920203552246094e+02, 2.91075439453125e+02, 2.902745056152344e+02, 2.89705078125e+02, 2.892782592773438e+02, 2.901368103027344e+02, 2.9105419921875e+02, 2.917869262695312e+02, 2.917467041015625e+02, 2.921689758300781e+02, 2.923044128417969e+02, 2.923079528808594e+02, 2.922884826660156e+02, 2.918913269042969e+02, 2.909031066894531e+02, 2.901885070800781e+02, 2.895935974121094e+02, 2.895799560546875e+02, 2.905008544921875e+02, 2.911636352539062e+02, 2.915776672363281e+02, 2.916761169433594e+02, 2.916389770507812e+02, 2.916038513183594e+02, 2.916407470703125e+02, 2.916812744140625e+02, 2.917009582519531e+02, 2.917160339355469e+02, 2.917489318847656e+02, 2.917860107421875e+02, 2.914604797363281e+02, 2.916599426269531e+02, 2.918857727050781e+02, 2.919391174316406e+02, 2.919759826660156e+02, 2.920182189941406e+02, 2.920645141601562e+02, 2.921114501953125e+02, 2.921534118652344e+02, 2.921926574707031e+02, 2.923121032714844e+02, 2.925841064453125e+02, 2.928319702148438e+02, 2.929771423339844e+02, 2.930983276367188e+02, 2.931753845214844e+02, 2.932628784179688e+02, 2.933385009765625e+02, 2.93560302734375e+02, 2.937323303222656e+02, 2.931672973632812e+02, 2.925294189453125e+02, 2.920641784667969e+02, 2.916651916503906e+02, 2.921266479492188e+02, 2.926399230957031e+02, 2.933287353515625e+02, 2.937143859863281e+02, 2.937379760742188e+02, 2.936593322753906e+02, 2.935625610351562e+02, 2.934726257324219e+02, 2.933295593261719e+02, 2.926609191894531e+02, 2.91988037109375e+02, 2.914336547851562e+02, 2.913682861328125e+02, 2.920566711425781e+02, 2.926135559082031e+02, 2.92973876953125e+02, 2.931654357910156e+02, 2.932585144042969e+02, 2.933275756835938e+02, 2.933602294921875e+02, 2.934032287597656e+02, 2.928917846679688e+02, 2.931365661621094e+02, 2.933180541992188e+02]
electricalGrid.PElecGen=[0e+00, 0e+00]
electricalGrid.PElecLoa=[4.1990263671875e+03, 4.4661513671875e+03, 4.83908935546875e+03, 5.1114140625e+03, 5.26255419921875e+03, 5.33047998046875e+03, 5.3626513671875e+03, 5.0658623046875e+03, 4.96509375e+03, 4.95468603515625e+03, 4.95510498046875e+03, 4.90981396484375e+03, 4.74987548828125e+03, 4.647162109375e+03, 4.5365068359375e+03, 4.4383134765625e+03, 4.4623017578125e+03, 4.380088378906249e+03, 4.14424658203125e+03, 4.06846923828125e+03, 4.21857080078125e+03, 4.17570361328125e+03, 3.965174560546875e+03, 0e+00, 0e+00, 0e+00, 0e+00, 0e+00, 4.678604003906253e+03, 5.1255849609375e+03, 4.9003828125e+03, 5.23663525390625e+03, 3.94870654296875e+03, 3.34027197265625e+03, 3.31564111328125e+03, 3.34426708984375e+03, 0e+00, 0e+00, 0e+00, 0e+00, 4.54120654296875e+03, 4.94085400390625e+03, 5.25575830078125e+03, 4.47552392578125e+03, 3.83979248046875e+03, 3.79402001953125e+03, 3.815390380859375e+03, 3.8166298828125e+03, 3.8002919921875e+03, 3.7690517578125e+03, 3.74785400390625e+03, 3.74692138671875e+03, 3.75599267578125e+03, 5.17210693359375e+03, 5.32449609375e+03, 4.100172851562497e+03, 3.970489990234375e+03, 4.0353681640625e+03, 4.11577392578125e+03, 4.161306640625e+03, 4.12274658203125e+03, 4.078576904296875e+03, 4.0404072265625e+03, 4.029935791015625e+03, 4.012813720703125e+03, 3.9435810546875e+03, 3.815118408203125e+03, 3.7907861328125e+03, 3.84846533203125e+03, 3.793303222656251e+03, 3.682558105468751e+03, 3.51096630859375e+03, 0e+00, 0e+00, 0e+00, 0e+00, 0e+00, 5.6576298828125e+03, 4.9604462890625e+03, 5.2800595703125e+03, 3.88319677734375e+03, 3.191609130859375e+03, 2.970382080078125e+03, 2.849037109375e+03, 2.89073974609375e+03, 0e+00, 0e+00, 0e+00, 0e+00, 4.385943359375e+03, 4.78662158203125e+03, 5.0287275390625e+03, 5.15814453125e+03, 5.20746533203125e+03, 5.50781103515625e+03, 5.55483056640625e+03, 5.7396044921875e+03, 5.995466796875e+03, 6.4288076171875e+03, 6.8977978515625e+03, 7.317103515625e+03]
