last-generated=2024-09-02
statistics-initialization=
{
  "nonlinear": "5, 7, 1, 1, 2, 1",
  "numerical Jacobians": "0"
}
statistics-simulation=
{
  "linear": "0, 0, 0, 0, 0, 0, 0, 0, 0, 0, 0, 0, 0, 0, 0, 0, 0, 0, 0, 0, 0, 0, 0, 0, 0, 0, 0,   0, 0, 0, 0, 0, 0, 0, 0, 0, 0, 0, 0, 0, 0, 0, 0, 0, 0, 0, 0, 0, 0, 0, 0, 0, 0,   0, 0, 0, 0, 0, 0, 0, 0, 0, 0, 0, 0, 0, 0, 0, 0, 0, 0, 0, 0",
  "nonlinear": "1, 1, 6, 1, 1, 1, 1, 1, 1, 1, 1, 1, 1, 1, 1, 1, 1, 1, 1, 1, 1, 1, 1, 1, 1, 1, 1,   1, 1, 1, 1, 1, 1, 1, 1, 0, 1, 0, 1, 0, 1, 1",
  "number of continuous time states": "235",
  "numerical Jacobians": "0"
}
time=[0e+00, 1.728e+05]
weaDat.weaBus.TDryBul=[2.711499938964844e+02, 2.711964111328125e+02, 2.711585388183594e+02, 2.710329895019531e+02, 2.708773498535156e+02, 2.706598205566406e+02, 2.704615478515625e+02, 2.704500122070312e+02, 2.704500122070312e+02, 2.704500122070312e+02, 2.704500122070312e+02, 2.704904479980469e+02, 2.706648559570312e+02, 2.708219909667969e+02, 2.709660034179688e+02, 2.710835876464844e+02, 2.710487060546875e+02, 2.710967712402344e+02, 2.713839721679688e+02, 2.715577392578125e+02, 2.713986511230469e+02, 2.713771667480469e+02, 2.716394348144531e+02, 2.718602600097656e+02, 2.719464111328125e+02, 2.720499877929688e+02, 2.722364196777344e+02, 2.724353637695312e+02, 2.725456237792969e+02, 2.726259155273438e+02, 2.730393371582031e+02, 2.736041564941406e+02, 2.736746826171875e+02, 2.736636657714844e+02, 2.736180114746094e+02, 2.735700073242188e+02, 2.735389404296875e+02, 2.735155944824219e+02, 2.7335400390625e+02, 2.731619873046875e+02, 2.729700012207031e+02, 2.727780151367188e+02, 2.72593994140625e+02, 2.724955749511719e+02, 2.724342651367188e+02, 2.723796081542969e+02, 2.723463134765625e+02, 2.723376770019531e+02, 2.723522033691406e+02, 2.724003295898438e+02, 2.724500122070312e+02, 2.724666442871094e+02, 2.724525451660156e+02, 2.724020690917969e+02, 2.722803344726562e+02, 2.720899963378906e+02, 2.718980102539062e+02, 2.717059936523438e+02, 2.715140075683594e+02, 2.713631591796875e+02, 2.713411865234375e+02, 2.713729858398438e+02, 2.714293518066406e+02, 2.714556884765625e+02, 2.714446716308594e+02, 2.714856872558594e+02, 2.716668701171875e+02, 2.717514038085938e+02, 2.716672058105469e+02, 2.716678771972656e+02, 2.71758056640625e+02, 2.718697814941406e+02, 2.7200390625e+02, 2.721656494140625e+02, 2.724968872070312e+02, 2.728500061035156e+02, 2.729950561523438e+02, 2.729598999023438e+02, 2.725846862792969e+02, 2.721623229980469e+02, 2.721732788085938e+02, 2.722332153320312e+02, 2.723517456054688e+02, 2.724693908691406e+02, 2.722129516601562e+02, 2.715361633300781e+02, 2.708384399414062e+02, 2.701152648925781e+02, 2.6966552734375e+02, 2.693913269042969e+02, 2.691483459472656e+02, 2.68912841796875e+02, 2.686530456542969e+02, 2.682867126464844e+02, 2.680051879882812e+02, 2.680009765625e+02, 2.679133911132812e+02, 2.676651611328125e+02, 2.674332275390625e+02, 2.672374267578125e+02, 2.670499877929688e+02]
hydraulic.generation.sigBusGen.TGenOutMea=[2.931499938964844e+02, 3.045380554199219e+02, 3.071354064941406e+02, 3.087449035644531e+02, 3.098776245117188e+02, 3.108309631347656e+02, 3.117410888671875e+02, 3.12694580078125e+02, 3.137122802734375e+02, 3.147567749023438e+02, 3.157989807128906e+02, 3.168150634765625e+02, 3.178078308105469e+02, 3.187375183105469e+02, 3.196473388671875e+02, 3.181558227539062e+02, 3.201779174804688e+02, 3.209835205078125e+02, 3.216786193847656e+02, 3.223236083984375e+02, 3.229121704101562e+02, 3.237456970214844e+02, 3.241331176757812e+02, 3.250083923339844e+02, 3.253616943359375e+02, 3.259470520019531e+02, 3.265097961425781e+02, 3.26856201171875e+02, 3.273924865722656e+02, 3.279500732421875e+02, 3.101976928710938e+02, 2.971890563964844e+02, 2.941068420410156e+02, 3.224810791015625e+02, 3.235592956542969e+02, 3.244914245605469e+02, 3.252366027832031e+02, 3.257795104980469e+02, 3.260538635253906e+02, 3.261982421875e+02, 3.26383544921875e+02, 3.2672705078125e+02, 3.271443176269531e+02, 3.268506774902344e+02, 3.276971435546875e+02, 3.256204528808594e+02, 3.277674560546875e+02, 3.138839111328125e+02, 2.980621337890625e+02, 2.943136596679688e+02, 2.934256896972656e+02, 3.231426696777344e+02, 3.243006896972656e+02, 3.250806884765625e+02, 3.256160583496094e+02, 3.259870910644531e+02, 3.262625732421875e+02, 3.265018920898438e+02, 3.267628784179688e+02, 3.270963439941406e+02, 3.275376281738281e+02, 3.280692138671875e+02, 3.054999389648438e+02, 2.960756530761719e+02, 2.938429870605469e+02, 3.198326416015625e+02, 3.222963562011719e+02, 3.235510559082031e+02, 3.243966064453125e+02, 3.250205993652344e+02, 3.2557763671875e+02, 3.257718200683594e+02, 3.233959350585938e+02, 3.237060546875e+02, 3.24330078125e+02, 3.273375854492188e+02, 3.084260864257812e+02, 2.967691955566406e+02, 2.940074157714844e+02, 2.933530578613281e+02, 2.931980895996094e+02, 2.931614074707031e+02, 2.931527099609375e+02, 3.148538513183594e+02, 3.172832641601562e+02, 3.201807250976562e+02, 3.219269104003906e+02, 3.227062683105469e+02, 3.23646484375e+02, 3.249692077636719e+02, 3.261045837402344e+02, 3.271913146972656e+02, 3.280670776367188e+02, 3.251210327148438e+02, 3.254851379394531e+02, 3.246785583496094e+02, 3.255302734375e+02, 3.257357788085938e+02, 3.259246215820312e+02, 3.2611181640625e+02, 3.263110656738281e+02]
outputs.building.TZone[1]=[2.931499938964844e+02, 2.879241027832031e+02, 2.881103820800781e+02, 2.881698913574219e+02, 2.881671752929688e+02, 2.881284484863281e+02, 2.880788879394531e+02, 2.880602111816406e+02, 2.881058044433594e+02, 2.881785278320312e+02, 2.882615661621094e+02, 2.883560791015625e+02, 2.884756469726562e+02, 2.886963500976562e+02, 2.890908813476562e+02, 2.894557800292969e+02, 2.896337585449219e+02, 2.899062805175781e+02, 2.901591186523438e+02, 2.904078674316406e+02, 2.905760803222656e+02, 2.907459411621094e+02, 2.909517211914062e+02, 2.911434936523438e+02, 2.912531127929688e+02, 2.913313903808594e+02, 2.914103698730469e+02, 2.914711303710938e+02, 2.9167138671875e+02, 2.919076843261719e+02, 2.9215869140625e+02, 2.922266235351562e+02, 2.920725402832031e+02, 2.917608337402344e+02, 2.919527282714844e+02, 2.920782470703125e+02, 2.921598815917969e+02, 2.922037353515625e+02, 2.921902465820312e+02, 2.921054992675781e+02, 2.9205517578125e+02, 2.92107421875e+02, 2.921697387695312e+02, 2.922171936035156e+02, 2.922293090820312e+02, 2.92232666015625e+02, 2.921638793945312e+02, 2.922563171386719e+02, 2.922179565429688e+02, 2.920494689941406e+02, 2.916536560058594e+02, 2.916990661621094e+02, 2.918854370117188e+02, 2.920235595703125e+02, 2.921264038085938e+02, 2.922024230957031e+02, 2.922631530761719e+02, 2.923153381347656e+02, 2.923650512695312e+02, 2.92420166015625e+02, 2.924933471679688e+02, 2.925840759277344e+02, 2.926388244628906e+02, 2.926217041015625e+02, 2.925911865234375e+02, 2.92438232421875e+02, 2.9265869140625e+02, 2.92932861328125e+02, 2.93110595703125e+02, 2.932820434570312e+02, 2.934580993652344e+02, 2.937826232910156e+02, 2.940070495605469e+02, 2.940515747070312e+02, 2.940453796386719e+02, 2.937942810058594e+02, 2.93466552734375e+02, 2.932813415527344e+02, 2.931969909667969e+02, 2.931579895019531e+02, 2.931466979980469e+02, 2.931373596191406e+02, 2.931183471679688e+02, 2.930905456542969e+02, 2.930215148925781e+02, 2.9305810546875e+02, 2.931428833007812e+02, 2.931744384765625e+02, 2.93141845703125e+02, 2.93101318359375e+02, 2.931181335449219e+02, 2.931649780273438e+02, 2.931794738769531e+02, 2.931294555664062e+02, 2.930690307617188e+02, 2.930571594238281e+02, 2.930444030761719e+02, 2.930644226074219e+02, 2.930773620605469e+02, 2.930705871582031e+02, 2.930625305175781e+02]
electricalGrid.PElecGen=[0e+00, 0e+00]
electricalGrid.PElecLoa=[4.078162109375e+03, 4.086784423828125e+03, 4.08607275390625e+03, 4.083716064453125e+03, 4.080793701171875e+03, 4.0767099609375e+03, 4.072987548828125e+03, 4.10310205078125e+03, 4.19241357421875e+03, 4.2840390625e+03, 4.37544091796875e+03, 4.46498583984375e+03, 4.55459521484375e+03, 4.640642578125e+03, 4.7249326171875e+03, 4.59267431640625e+03, 4.77470947265625e+03, 4.8487568359375e+03, 4.9161826171875e+03, 4.9781923828125e+03, 5.030240234375e+03, 5.1048134765625e+03, 5.14864404296875e+03, 5.23062890625e+03, 5.250896484375e+03, 5.321630859375e+03, 5.3777060546875e+03, 5.4139599609375e+03, 5.466220703125e+03, 5.52013427734375e+03, 7.803009986877441e+00, 7.803009986877441e+00, 7.803009986877441e+00, 5.01797607421875e+03, 5.122702148437501e+03, 5.2096640625e+03, 5.27946044921875e+03, 5.33023974609375e+03, 5.3536611328125e+03, 5.36434716796875e+03, 5.3786611328125e+03, 5.4074814453125e+03, 5.44356201171875e+03, 5.4203759765625e+03, 5.49294140625e+03, 5.28490283203125e+03, 5.49807177734375e+03, 7.803009986877441e+00, 7.803009986877441e+00, 7.803009986877441e+00, 7.803009986877441e+00, 5.0668017578125e+03, 5.17455078125e+03, 5.24651220703125e+03, 5.2943837890625e+03, 5.32567919921875e+03, 5.34800439453125e+03, 5.36696923828125e+03, 5.3879794921875e+03, 5.4165107421875e+03, 5.45742919921875e+03, 5.50771533203125e+03, 7.803009986877441e+00, 7.803009986877441e+00, 7.803009986877441e+00, 4.75061865234375e+03, 4.977560546875e+03, 5.09425390625e+03, 5.171597656250001e+03, 5.230144042968749e+03, 5.284593261718747e+03, 5.29824267578125e+03, 5.08238720703125e+03, 5.11342529296875e+03, 5.164427734375e+03, 5.4678388671875e+03, 3.441992998123169e+00, 3.289023160934448e+00, 3.313937902450562e+00, 3.422197580337524e+00, 3.487838506698608e+00, 3.60420298576355e+00, 3.880502700805664e+00, 4.3085263671875e+03, 4.52783349609375e+03, 4.7815048828125e+03, 4.927611328125e+03, 4.9861884765625e+03, 5.066853515625e+03, 5.18441845703125e+03, 5.2845302734375e+03, 5.37839208984375e+03, 5.4537529296875e+03, 3.377622802734375e+03, 2.951110595703125e+03, 4.3977783203125e+03, 3.34288916015625e+03, 3.317666259765625e+03, 3.46365869140625e+03, 3.6337109375e+03, 3.784010009765625e+03]
