last-generated=2025-01-02
statistics-initialization=
{
  "nonlinear": "5, 7, 1, 0, 1, 1",
  "numerical Jacobians": "0"
}
statistics-simulation=
{
  "linear": "0, 0, 0, 0, 0, 0, 0, 0",
  "nonlinear": "1, 1, 6, 1, 0, 1, 0, 1, 0, 1, 1",
  "number of continuous time states": "53",
  "numerical Jacobians": "0"
}
time=[0e+00, 1.728e+05]
weaDat.weaBus.TDryBul=[2.713500061035156e+02, 2.714423522949219e+02, 2.713688049316406e+02, 2.711300048828125e+02, 2.708900146484375e+02, 2.706499938964844e+02, 2.704100036621094e+02, 2.701031188964844e+02, 2.696802062988281e+02, 2.693132629394531e+02, 2.689815979003906e+02, 2.687498474121094e+02, 2.687302856445312e+02, 2.684281311035156e+02, 2.677860412597656e+02, 2.674700012207031e+02, 2.672780151367188e+02, 2.670859985351562e+02, 2.668940124511719e+02, 2.667543640136719e+02, 2.674586791992188e+02, 2.682342834472656e+02, 2.686448669433594e+02, 2.692129211425781e+02, 2.700237121582031e+02, 2.708500061035156e+02, 2.716349792480469e+02, 2.723893127441406e+02, 2.729895324707031e+02, 2.733184814453125e+02, 2.734673461914062e+02, 2.735424194335938e+02, 2.735648498535156e+02, 2.73562255859375e+02, 2.734952392578125e+02, 2.733829650878906e+02, 2.733241271972656e+02, 2.733239440917969e+02, 2.734044799804688e+02, 2.735684204101562e+02, 2.736940002441406e+02, 2.737637023925781e+02, 2.737111511230469e+02, 2.734936828613281e+02, 2.733190002441406e+02, 2.73205322265625e+02, 2.731450805664062e+02, 2.731335754394531e+02, 2.7315283203125e+02, 2.732023315429688e+02, 2.7325e+02, 2.732466735839844e+02, 2.732464294433594e+02, 2.733169860839844e+02, 2.734288940429688e+02, 2.735700073242188e+02, 2.737182312011719e+02, 2.738376770019531e+02, 2.739303588867188e+02, 2.739819946289062e+02, 2.740299987792969e+02, 2.740780029296875e+02, 2.741260070800781e+02, 2.741852416992188e+02, 2.742919921875e+02, 2.743815307617188e+02, 2.744320983886719e+02, 2.744386291503906e+02, 2.742976684570312e+02, 2.742652587890625e+02, 2.743667907714844e+02, 2.744607849121094e+02, 2.74489013671875e+02, 2.745615539550781e+02, 2.748076477050781e+02, 2.751499938964844e+02, 2.755416259765625e+02, 2.759237670898438e+02, 2.761777038574219e+02, 2.763310241699219e+02, 2.764301147460938e+02, 2.764605407714844e+02, 2.7639404296875e+02, 2.762903747558594e+02, 2.7616455078125e+02, 2.760198059082031e+02, 2.758236999511719e+02, 2.755619812011719e+02, 2.753553771972656e+02, 2.751993103027344e+02, 2.751300048828125e+02, 2.750820007324219e+02, 2.750339965820312e+02, 2.749859924316406e+02, 2.749522399902344e+02, 2.751499938964844e+02, 2.753774108886719e+02, 2.755320129394531e+02, 2.756587219238281e+02, 2.756750183105469e+02, 2.755499877929688e+02]
hydraulic.generation.sigBusGen.TBoiOut=[2.931499938964844e+02, 3.109154052734375e+02, 3.173075561523438e+02, 3.201119384765625e+02, 3.204598388671875e+02, 3.206981506347656e+02, 3.209238586425781e+02, 3.212080078125e+02, 3.216010131835938e+02, 3.219444885253906e+02, 3.222536926269531e+02, 3.224721374511719e+02, 3.224921264648438e+02, 3.227658081054688e+02, 3.233617248535156e+02, 3.236645812988281e+02, 3.2384326171875e+02, 3.240213317871094e+02, 3.241997375488281e+02, 3.243322143554688e+02, 3.236917419433594e+02, 3.229628601074219e+02, 3.225756530761719e+02, 3.220511779785156e+02, 3.212973937988281e+02, 3.205270690917969e+02, 3.197953796386719e+02, 3.190924377441406e+02, 3.185309753417969e+02, 3.18221923828125e+02, 3.180826416015625e+02, 3.180127563476562e+02, 3.179916381835938e+02, 3.179934997558594e+02, 3.180545654296875e+02, 3.181587524414062e+02, 3.182147827148438e+02, 3.182156372070312e+02, 3.181419677734375e+02, 3.179903259277344e+02, 3.178721618652344e+02, 3.178064270019531e+02, 3.178531799316406e+02, 3.180538635253906e+02, 3.182187194824219e+02, 3.183248901367188e+02, 3.183816223144531e+02, 3.183929748535156e+02, 3.1837548828125e+02, 3.183296203613281e+02, 3.182848205566406e+02, 3.182869873046875e+02, 3.182879943847656e+02, 3.182234802246094e+02, 3.1811962890625e+02, 3.17988525390625e+02, 3.178502807617188e+02, 3.177385864257812e+02, 3.1765185546875e+02, 3.176033935546875e+02, 3.175589294433594e+02, 3.175143127441406e+02, 3.174696655273438e+02, 3.174150085449219e+02, 3.173165893554688e+02, 3.172326354980469e+02, 3.171850280761719e+02, 3.171780395507812e+02, 3.173072204589844e+02, 3.1734130859375e+02, 3.172481384277344e+02, 3.17159423828125e+02, 3.171319580078125e+02, 3.170654907226562e+02, 3.168386535644531e+02, 3.165201721191406e+02, 3.161560363769531e+02, 3.157991333007812e+02, 3.155606994628906e+02, 3.154172668457031e+02, 3.153250732421875e+02, 3.152958984375e+02, 3.153567504882812e+02, 3.15453125e+02, 3.155702209472656e+02, 3.157047424316406e+02, 3.1588623046875e+02, 3.1612939453125e+02, 3.163230895996094e+02, 3.164691467285156e+02, 3.165348205566406e+02, 3.165791625976562e+02, 3.166236267089844e+02, 3.166681518554688e+02, 3.167001037597656e+02, 3.165200500488281e+02, 3.163065185546875e+02, 3.1616162109375e+02, 3.160433959960938e+02, 3.16026123046875e+02, 3.161408386230469e+02]
outputs.building.TZone[1]=[2.931499938964844e+02, 2.886708984375e+02, 2.893205261230469e+02, 2.896792602539062e+02, 2.897102966308594e+02, 2.896666259765625e+02, 2.896177978515625e+02, 2.895623168945312e+02, 2.895569458007812e+02, 2.895845336914062e+02, 2.896186828613281e+02, 2.896646423339844e+02, 2.89728515625e+02, 2.898259887695312e+02, 2.900249938964844e+02, 2.902770690917969e+02, 2.905385131835938e+02, 2.908026123046875e+02, 2.910445251464844e+02, 2.913370056152344e+02, 2.9155615234375e+02, 2.917921752929688e+02, 2.920014953613281e+02, 2.92064208984375e+02, 2.919407958984375e+02, 2.918920593261719e+02, 2.917898559570312e+02, 2.916670227050781e+02, 2.917159729003906e+02, 2.9181494140625e+02, 2.919343566894531e+02, 2.920597839355469e+02, 2.921125793457031e+02, 2.92125244140625e+02, 2.920893249511719e+02, 2.920287170410156e+02, 2.919647827148438e+02, 2.918878479003906e+02, 2.918438720703125e+02, 2.918544311523438e+02, 2.918634643554688e+02, 2.918797302246094e+02, 2.918912963867188e+02, 2.918862609863281e+02, 2.918809509277344e+02, 2.918238830566406e+02, 2.917715759277344e+02, 2.91790771484375e+02, 2.918128967285156e+02, 2.918162536621094e+02, 2.9181591796875e+02, 2.918316345214844e+02, 2.918531494140625e+02, 2.918751525878906e+02, 2.91894775390625e+02, 2.919128723144531e+02, 2.9192919921875e+02, 2.919447937011719e+02, 2.919607543945312e+02, 2.919773864746094e+02, 2.919954528808594e+02, 2.920134887695312e+02, 2.920313720703125e+02, 2.920785217285156e+02, 2.921781616210938e+02, 2.922747497558594e+02, 2.923692016601562e+02, 2.924552307128906e+02, 2.925136413574219e+02, 2.92639892578125e+02, 2.927587585449219e+02, 2.928521423339844e+02, 2.929326782226562e+02, 2.929399108886719e+02, 2.928906860351562e+02, 2.928600769042969e+02, 2.928159790039062e+02, 2.927681274414062e+02, 2.927586364746094e+02, 2.927702026367188e+02, 2.928115844726562e+02, 2.928533020019531e+02, 2.928730773925781e+02, 2.928854370117188e+02, 2.928963623046875e+02, 2.929072265625e+02, 2.929092712402344e+02, 2.929001770019531e+02, 2.929020690917969e+02, 2.929176330566406e+02, 2.929331665039062e+02, 2.929511413574219e+02, 2.929638366699219e+02, 2.9295556640625e+02, 2.929456176757812e+02, 2.929286193847656e+02, 2.929015808105469e+02, 2.929027709960938e+02, 2.929071655273438e+02, 2.928938293457031e+02, 2.928840637207031e+02]
electricalGrid.PElecGen=[0e+00, 0e+00]
electricalGrid.PElecLoa=[2.848420143127441e+00, 3.601646661758423e+00, 3.601646661758423e+00, 3.601646661758423e+00, 3.601646661758423e+00, 3.601646661758423e+00, 3.601646661758423e+00, 3.601646661758423e+00, 3.601646661758423e+00, 3.601646661758423e+00, 3.601646661758423e+00, 3.601646661758423e+00, 3.601646661758423e+00, 3.601646661758423e+00, 3.601646661758423e+00, 3.601646661758423e+00, 3.601646661758423e+00, 3.601646661758423e+00, 3.601646661758423e+00, 3.601646661758423e+00, 3.601646661758423e+00, 3.601646661758423e+00, 3.601646661758423e+00, 3.601646661758423e+00, 3.601646661758423e+00, 3.601646661758423e+00, 3.601646661758423e+00, 3.601646661758423e+00, 3.601646661758423e+00, 3.601646661758423e+00, 3.601646661758423e+00, 3.601646661758423e+00, 3.601646661758423e+00, 3.601646661758423e+00, 3.601646661758423e+00, 3.601646661758423e+00, 3.601646661758423e+00, 3.601646661758423e+00, 3.601646661758423e+00, 3.601646661758423e+00, 3.601646661758423e+00, 3.601646661758423e+00, 3.601646661758423e+00, 3.601646661758423e+00, 3.601646661758423e+00, 3.601646661758423e+00, 3.601646661758423e+00, 3.601646661758423e+00, 3.601646661758423e+00, 3.601646661758423e+00, 3.601646661758423e+00, 3.601646661758423e+00, 3.601646661758423e+00, 3.601646661758423e+00, 3.601646661758423e+00, 3.601646661758423e+00, 3.601646661758423e+00, 3.601646661758423e+00, 3.601646661758423e+00, 3.601646661758423e+00, 3.601646661758423e+00, 3.601646661758423e+00, 3.601646661758423e+00, 3.601646661758423e+00, 3.601646661758423e+00, 3.601646661758423e+00, 3.601646661758423e+00, 3.601646661758423e+00, 3.601646661758423e+00, 3.601646661758423e+00, 3.601646661758423e+00, 3.601646661758423e+00, 3.601646661758423e+00, 3.601646661758423e+00, 3.601646661758423e+00, 3.601646661758423e+00, 3.601646661758423e+00, 3.601646661758423e+00, 3.601646661758423e+00, 3.601646661758423e+00, 3.601646661758423e+00, 3.601646661758423e+00, 3.601646661758423e+00, 3.601646661758423e+00, 3.601646661758423e+00, 3.601646661758423e+00, 3.601646661758423e+00, 3.601646661758423e+00, 3.601646661758423e+00, 3.601646661758423e+00, 3.601646661758423e+00, 3.601646661758423e+00, 3.601646661758423e+00, 3.601646661758423e+00, 3.601646661758423e+00, 3.601646661758423e+00, 3.601646661758423e+00, 3.601646661758423e+00, 3.601646661758423e+00, 3.601646661758423e+00, 3.601646661758423e+00]
