last-generated=2024-12-12
statistics-initialization=
{
  "nonlinear": "5, 7, 1, 0, 1",
  "numerical Jacobians": "0"
}
statistics-simulation=
{
  "linear": "0, 0, 0, 0, 0, 0, 0, 0",
  "nonlinear": "1, 6, 1, 0, 1, 0, 1, 0, 1, 1",
  "number of continuous time states": "54",
  "numerical Jacobians": "0"
}
time=[0e+00, 1.728e+05]
weaDat.weaBus.TDryBul=[2.713500061035156e+02, 2.714423522949219e+02, 2.713688049316406e+02, 2.711300048828125e+02, 2.708900146484375e+02, 2.706499938964844e+02, 2.704100036621094e+02, 2.701031188964844e+02, 2.696802062988281e+02, 2.693132629394531e+02, 2.689815979003906e+02, 2.687498474121094e+02, 2.687302856445312e+02, 2.684281311035156e+02, 2.677860412597656e+02, 2.674700012207031e+02, 2.672780151367188e+02, 2.670859985351562e+02, 2.668940124511719e+02, 2.667543640136719e+02, 2.674586791992188e+02, 2.682342834472656e+02, 2.686448669433594e+02, 2.692129211425781e+02, 2.700237121582031e+02, 2.708500061035156e+02, 2.716349792480469e+02, 2.723893127441406e+02, 2.729895324707031e+02, 2.733184814453125e+02, 2.734673461914062e+02, 2.735424194335938e+02, 2.735648498535156e+02, 2.73562255859375e+02, 2.734952392578125e+02, 2.733829650878906e+02, 2.733241271972656e+02, 2.733239440917969e+02, 2.734044799804688e+02, 2.735684204101562e+02, 2.736940002441406e+02, 2.737637023925781e+02, 2.737111511230469e+02, 2.734936828613281e+02, 2.733190002441406e+02, 2.73205322265625e+02, 2.731450805664062e+02, 2.731335754394531e+02, 2.7315283203125e+02, 2.732023315429688e+02, 2.7325e+02, 2.732466735839844e+02, 2.732464294433594e+02, 2.733169860839844e+02, 2.734288940429688e+02, 2.735700073242188e+02, 2.737182312011719e+02, 2.738376770019531e+02, 2.739303588867188e+02, 2.739819946289062e+02, 2.740299987792969e+02, 2.740780029296875e+02, 2.741260070800781e+02, 2.741852416992188e+02, 2.742919921875e+02, 2.743815307617188e+02, 2.744320983886719e+02, 2.744386291503906e+02, 2.742976684570312e+02, 2.742652587890625e+02, 2.743667907714844e+02, 2.744607849121094e+02, 2.74489013671875e+02, 2.745615539550781e+02, 2.748076477050781e+02, 2.751499938964844e+02, 2.755416259765625e+02, 2.759237670898438e+02, 2.761777038574219e+02, 2.763310241699219e+02, 2.764301147460938e+02, 2.764605407714844e+02, 2.7639404296875e+02, 2.762903747558594e+02, 2.7616455078125e+02, 2.760198059082031e+02, 2.758236999511719e+02, 2.755619812011719e+02, 2.753553771972656e+02, 2.751993103027344e+02, 2.751300048828125e+02, 2.750820007324219e+02, 2.750339965820312e+02, 2.749859924316406e+02, 2.749522399902344e+02, 2.751499938964844e+02, 2.753774108886719e+02, 2.755320129394531e+02, 2.756587219238281e+02, 2.756750183105469e+02, 2.755499877929688e+02]
hydraulic.generation.sigBusGen.TBoiOut=[2.931499938964844e+02, 3.150425415039062e+02, 3.22176513671875e+02, 3.261559448242188e+02, 3.266355590820312e+02, 3.269444274902344e+02, 3.272277526855469e+02, 3.275863952636719e+02, 3.280834655761719e+02, 3.285177612304688e+02, 3.289095764160156e+02, 3.291856079101562e+02, 3.292108459472656e+02, 3.295600891113281e+02, 3.303147583007812e+02, 3.306959228515625e+02, 3.309230651855469e+02, 3.311487121582031e+02, 3.313746337890625e+02, 3.315419311523438e+02, 3.307268981933594e+02, 3.298073425292969e+02, 3.293165283203125e+02, 3.286493530273438e+02, 3.276946716308594e+02, 3.267194519042969e+02, 3.25792236328125e+02, 3.249014282226562e+02, 3.241905212402344e+02, 3.237989196777344e+02, 3.236222229003906e+02, 3.235337524414062e+02, 3.235072326660156e+02, 3.235101318359375e+02, 3.235879821777344e+02, 3.237201843261719e+02, 3.237909545898438e+02, 3.237920837402344e+02, 3.236982727050781e+02, 3.235053100585938e+02, 3.233558044433594e+02, 3.232729187011719e+02, 3.233327331542969e+02, 3.235873107910156e+02, 3.237955322265625e+02, 3.239305114746094e+02, 3.240024108886719e+02, 3.240166625976562e+02, 3.239942626953125e+02, 3.239360046386719e+02, 3.238793640136719e+02, 3.238822937011719e+02, 3.238832092285156e+02, 3.238012390136719e+02, 3.236697082519531e+02, 3.235035095214844e+02, 3.23328369140625e+02, 3.231868896484375e+02, 3.230770263671875e+02, 3.230156860351562e+02, 3.229592590332031e+02, 3.229027709960938e+02, 3.228462219238281e+02, 3.227770690917969e+02, 3.226526184082031e+02, 3.225464782714844e+02, 3.224856872558594e+02, 3.224768676757812e+02, 3.226410217285156e+02, 3.226831970214844e+02, 3.225654907226562e+02, 3.224536743164062e+02, 3.224190368652344e+02, 3.223341064453125e+02, 3.220461730957031e+02, 3.216429748535156e+02, 3.211813659667969e+02, 3.207294616699219e+02, 3.204278564453125e+02, 3.202462463378906e+02, 3.201302185058594e+02, 3.200947570800781e+02, 3.201734619140625e+02, 3.202970581054688e+02, 3.204460754394531e+02, 3.206163330078125e+02, 3.208440246582031e+02, 3.21150390625e+02, 3.213872985839844e+02, 3.215701293945312e+02, 3.216573181152344e+02, 3.217161560058594e+02, 3.217727355957031e+02, 3.218290100097656e+02, 3.218693542480469e+02, 3.216399536132812e+02, 3.213710021972656e+02, 3.211878051757812e+02, 3.210379028320312e+02, 3.210164794921875e+02, 3.211621398925781e+02]
outputs.building.TZone[1]=[2.931499938964844e+02, 2.881567077636719e+02, 2.887836303710938e+02, 2.892402038574219e+02, 2.894443054199219e+02, 2.894569702148438e+02, 2.894122009277344e+02, 2.8934423828125e+02, 2.893135070800781e+02, 2.893145751953125e+02, 2.893236999511719e+02, 2.893447570800781e+02, 2.893887023925781e+02, 2.89503662109375e+02, 2.897890930175781e+02, 2.901156616210938e+02, 2.903701782226562e+02, 2.90618408203125e+02, 2.908378601074219e+02, 2.911416625976562e+02, 2.91437744140625e+02, 2.918026123046875e+02, 2.921122131347656e+02, 2.921915283203125e+02, 2.920641174316406e+02, 2.920553283691406e+02, 2.919938049316406e+02, 2.91895751953125e+02, 2.919439086914062e+02, 2.920321044921875e+02, 2.921457214355469e+02, 2.922690734863281e+02, 2.923244323730469e+02, 2.923488159179688e+02, 2.923258666992188e+02, 2.922892456054688e+02, 2.92251708984375e+02, 2.922008056640625e+02, 2.92128662109375e+02, 2.920082702636719e+02, 2.919124145507812e+02, 2.919178771972656e+02, 2.919190673828125e+02, 2.918984985351562e+02, 2.91882080078125e+02, 2.918305969238281e+02, 2.917834167480469e+02, 2.917987365722656e+02, 2.918157958984375e+02, 2.91811767578125e+02, 2.9180322265625e+02, 2.91811279296875e+02, 2.918254699707031e+02, 2.918433837890625e+02, 2.918599853515625e+02, 2.91875e+02, 2.918882751464844e+02, 2.918996887207031e+02, 2.919112243652344e+02, 2.919229125976562e+02, 2.919368591308594e+02, 2.919516296386719e+02, 2.919666137695312e+02, 2.920617065429688e+02, 2.923056945800781e+02, 2.925203857421875e+02, 2.926349487304688e+02, 2.927367248535156e+02, 2.928071899414062e+02, 2.929892272949219e+02, 2.932013549804688e+02, 2.9337841796875e+02, 2.935281677246094e+02, 2.935568237304688e+02, 2.935100708007812e+02, 2.934920349121094e+02, 2.934594116210938e+02, 2.934230346679688e+02, 2.934096069335938e+02, 2.934119873046875e+02, 2.93448486328125e+02, 2.934708862304688e+02, 2.934512023925781e+02, 2.934090881347656e+02, 2.933543395996094e+02, 2.932994384765625e+02, 2.932415466308594e+02, 2.931954040527344e+02, 2.93134521484375e+02, 2.93062744140625e+02, 2.930355834960938e+02, 2.930674133300781e+02, 2.930827331542969e+02, 2.930767822265625e+02, 2.930698852539062e+02, 2.93069091796875e+02, 2.930613098144531e+02, 2.930664672851562e+02, 2.9307080078125e+02, 2.930533447265625e+02, 2.930355224609375e+02]
electricalGrid.PElecGen=[0e+00, 0e+00]
electricalGrid.PElecLoa=[4.365789517760277e-02, 6.093547821044922e+00, 6.093547821044922e+00, 6.093547821044922e+00, 6.093547821044922e+00, 6.093547821044922e+00, 6.093547821044922e+00, 6.093547821044922e+00, 6.093547821044922e+00, 6.093547821044922e+00, 6.093547821044922e+00, 6.093547821044922e+00, 6.093547821044922e+00, 6.093547821044922e+00, 6.093547821044922e+00, 6.093547821044922e+00, 6.093547821044922e+00, 6.093547821044922e+00, 6.093547821044922e+00, 6.093547821044922e+00, 6.093547821044922e+00, 6.093547821044922e+00, 6.093547821044922e+00, 6.093547821044922e+00, 6.093547821044922e+00, 6.093547821044922e+00, 6.093547821044922e+00, 6.093547821044922e+00, 6.093547821044922e+00, 6.093547821044922e+00, 6.093547821044922e+00, 6.093547821044922e+00, 6.093547821044922e+00, 6.093547821044922e+00, 6.093547821044922e+00, 6.093547821044922e+00, 6.093547821044922e+00, 6.093547821044922e+00, 6.093547821044922e+00, 6.093547821044922e+00, 6.093547821044922e+00, 6.093547821044922e+00, 6.093547821044922e+00, 6.093547821044922e+00, 6.093547821044922e+00, 6.093547821044922e+00, 6.093547821044922e+00, 6.093547821044922e+00, 6.093547821044922e+00, 6.093547821044922e+00, 6.093547821044922e+00, 6.093547821044922e+00, 6.093547821044922e+00, 6.093547821044922e+00, 6.093547821044922e+00, 6.093547821044922e+00, 6.093547821044922e+00, 6.093547821044922e+00, 6.093547821044922e+00, 6.093547821044922e+00, 6.093547821044922e+00, 6.093547821044922e+00, 6.093547821044922e+00, 6.093547821044922e+00, 6.093547821044922e+00, 6.093547821044922e+00, 6.093547821044922e+00, 6.093547821044922e+00, 6.093547821044922e+00, 6.093547821044922e+00, 6.092301368713379e+00, 6.086571216583252e+00, 6.075997352600098e+00, 6.062368869781494e+00, 6.048190593719482e+00, 6.029154300689697e+00, 6.006497859954834e+00, 5.980162143707275e+00, 5.945275783538818e+00, 5.894323348999023e+00, 5.79998779296875e+00, 5.62559986114502e+00, 5.340184688568115e+00, 4.938375473022461e+00, 4.596314430236816e+00, 4.289287090301514e+00, 4.09856653213501e+00, 4.037943840026855e+00, 4.167305469512939e+00, 4.52515983581543e+00, 4.815898895263672e+00, 4.93516206741333e+00, 5.038950443267822e+00, 5.177230358123779e+00, 5.309182643890381e+00, 5.41358757019043e+00, 5.509397506713867e+00, 5.578921794891357e+00, 5.635091304779053e+00, 5.699992656707764e+00, 5.761989593505859e+00]
