last-generated=2024-09-02
statistics-initialization=
{
  "nonlinear": "5, 7, 1, 3, 1",
  "numerical Jacobians": "0"
}
statistics-simulation=
{
  "linear": "0, 0, 0, 0, 0, 0, 0, 0, 0, 0, 0, 0, 0, 0, 0, 0, 0, 0, 0, 0, 0, 0, 0, 0, 0, 0, 0,   0, 0, 0, 0, 0, 0, 0, 0, 0, 0, 0, 0, 0, 0, 0, 0",
  "nonlinear": "1, 1, 6, 1, 1, 1, 1, 1, 0, 1, 0, 1, 0, 1, 1",
  "number of continuous time states": "100",
  "numerical Jacobians": "0"
}
time=[0e+00, 8.64e+04]
weaDat.weaBus.TDryBul=[2.713500061035156e+02, 2.714065551757812e+02, 2.714423522949219e+02, 2.714366760253906e+02, 2.713688049316406e+02, 2.7125e+02, 2.711300048828125e+02, 2.71010009765625e+02, 2.708900146484375e+02, 2.707699890136719e+02, 2.706499938964844e+02, 2.705299987792969e+02, 2.704100036621094e+02, 2.702814025878906e+02, 2.701031188964844e+02, 2.698934020996094e+02, 2.696802062988281e+02, 2.694894714355469e+02, 2.693132629394531e+02, 2.691443176269531e+02, 2.689815979003906e+02, 2.688259887695312e+02, 2.687498474121094e+02, 2.687407531738281e+02, 2.687302856445312e+02, 2.686499938964844e+02, 2.684281311035156e+02, 2.681062622070312e+02, 2.677860412597656e+02, 2.675690002441406e+02, 2.674700012207031e+02, 2.673739929199219e+02, 2.672780151367188e+02, 2.671820068359375e+02, 2.670859985351562e+02, 2.66989990234375e+02, 2.668940124511719e+02, 2.667980041503906e+02, 2.667543640136719e+02, 2.670124816894531e+02, 2.674586791992188e+02, 2.679197998046875e+02, 2.682342834472656e+02, 2.684475708007812e+02, 2.686448669433594e+02, 2.688818969726562e+02, 2.692129211425781e+02, 2.696084899902344e+02, 2.700237121582031e+02, 2.704428100585938e+02, 2.708500061035156e+02, 2.712447509765625e+02, 2.716349792480469e+02, 2.720175170898438e+02, 2.723893127441406e+02, 2.72725830078125e+02, 2.729895324707031e+02, 2.731852111816406e+02, 2.733184814453125e+02, 2.734028930664062e+02, 2.734673461914062e+02, 2.735138549804688e+02, 2.735424194335938e+02, 2.735553894042969e+02, 2.735648498535156e+02, 2.735686645507812e+02, 2.73562255859375e+02, 2.735403137207031e+02, 2.734952392578125e+02, 2.734378051757812e+02, 2.733829650878906e+02, 2.733453369140625e+02, 2.733241271972656e+02, 2.73316162109375e+02, 2.733239440917969e+02, 2.733500061035156e+02, 2.734044799804688e+02, 2.734835205078125e+02, 2.735684204101562e+02, 2.736405334472656e+02, 2.736940002441406e+02, 2.737383422851562e+02, 2.737637023925781e+02, 2.737596740722656e+02, 2.737111511230469e+02, 2.736122741699219e+02, 2.734936828613281e+02, 2.733878784179688e+02, 2.733190002441406e+02, 2.732585144042969e+02, 2.73205322265625e+02, 2.731657104492188e+02, 2.731450805664062e+02, 2.73135498046875e+02, 2.731335754394531e+02, 2.731393432617188e+02, 2.7315283203125e+02, 2.73175048828125e+02, 2.732023315429688e+02, 2.732291564941406e+02, 2.7325e+02]
hydraulic.generation.sigBusGen.TGenOutMea=[2.931499938964844e+02, 3.105910949707031e+02, 3.120927734375e+02, 3.126124267578125e+02, 3.126861267089844e+02, 3.126729125976562e+02, 3.126638488769531e+02, 3.126835327148438e+02, 3.127292785644531e+02, 3.127927856445312e+02, 3.128668212890625e+02, 3.129464721679688e+02, 3.130289306640625e+02, 3.131177368164062e+02, 3.1323876953125e+02, 3.133831787109375e+02, 3.135335693359375e+02, 3.136709289550781e+02, 3.137976379394531e+02, 3.139180908203125e+02, 3.140334777832031e+02, 3.141438293457031e+02, 3.14204345703125e+02, 3.142174987792969e+02, 3.142250366210938e+02, 3.142738952636719e+02, 3.144165954589844e+02, 3.146344909667969e+02, 3.148615112304688e+02, 3.150273742675781e+02, 3.151110229492188e+02, 3.151815185546875e+02, 3.152479858398438e+02, 3.153138122558594e+02, 3.153799438476562e+02, 3.154461669921875e+02, 3.155130004882812e+02, 3.155806579589844e+02, 3.156183776855469e+02, 3.154629821777344e+02, 3.151679992675781e+02, 3.148436889648438e+02, 3.146055297851562e+02, 3.144408569335938e+02, 3.14296142578125e+02, 3.141306457519531e+02, 3.139043884277344e+02, 3.136297607421875e+02, 3.133374328613281e+02, 3.130414733886719e+02, 3.128424682617188e+02, 3.12699951171875e+02, 3.125932922363281e+02, 3.125170288085938e+02, 3.421004028320312e+02, 3.10388946533203e+02, 3.103370971679688e+02, 3.107868347167969e+02, 3.109330749511719e+02, 3.111732482910156e+02, 3.114000549316406e+02, 3.116011657714844e+02, 3.117812194824219e+02, 3.119411926269531e+02, 3.1207861328125e+02, 3.121969299316406e+02, 3.12299072265625e+02, 3.123856811523438e+02, 3.124529113769531e+02, 3.125041809082031e+02, 3.125435791015625e+02, 3.125741577148438e+02, 3.125966186523438e+02, 3.126117553710938e+02, 3.126222839355469e+02, 3.126299743652344e+02, 3.126342163085938e+02, 3.126326293945312e+02, 3.126274108886719e+02, 3.126174621582031e+02, 3.126053771972656e+02, 3.126024475097656e+02, 3.126017456054688e+02, 3.126012268066406e+02, 3.125978698730469e+02, 3.125867309570312e+02, 3.125693969726562e+02, 3.125484008789062e+02, 3.1252685546875e+02, 3.12501220703125e+02, 3.245712280273438e+02, 3.230951843261719e+02, 3.077257385253906e+02, 3.103534851074219e+02, 3.108732604980469e+02, 3.110769958496094e+02, 3.111595764160156e+02, 3.113404235839844e+02, 3.114745483398438e+02, 3.115906066894531e+02, 3.11690185546875e+02]
outputs.building.TZone[1]=[2.931499938964844e+02, 2.891801147460938e+02, 2.897022399902344e+02, 2.900948486328125e+02, 2.902535400390625e+02, 2.902985229492188e+02, 2.902974243164062e+02, 2.902767944335938e+02, 2.902496337890625e+02, 2.902212219238281e+02, 2.901931762695312e+02, 2.901658935546875e+02, 2.901392211914062e+02, 2.901124267578125e+02, 2.900804138183594e+02, 2.90063720703125e+02, 2.900652160644531e+02, 2.900716552734375e+02, 2.900818176269531e+02, 2.900935974121094e+02, 2.901067810058594e+02, 2.901213073730469e+02, 2.901435546875e+02, 2.901742248535156e+02, 2.902041320800781e+02, 2.902263488769531e+02, 2.903412475585938e+02, 2.904874572753906e+02, 2.906452026367188e+02, 2.90822021484375e+02, 2.909773254394531e+02, 2.911064453125e+02, 2.912348937988281e+02, 2.913648681640625e+02, 2.914855041503906e+02, 2.915927734375e+02, 2.917037353515625e+02, 2.918340148925781e+02, 2.919702453613281e+02, 2.920865478515625e+02, 2.922003479003906e+02, 2.923328857421875e+02, 2.924625244140625e+02, 2.925767822265625e+02, 2.926685791015625e+02, 2.927189331054688e+02, 2.927278747558594e+02, 2.92676025390625e+02, 2.926334228515625e+02, 2.926231994628906e+02, 2.926150207519531e+02, 2.925836486816406e+02, 2.925520935058594e+02, 2.925205078125e+02, 2.924669494628906e+02, 2.924047546386719e+02, 2.922225952148438e+02, 2.923525085449219e+02, 2.924918518066406e+02, 2.9258203125e+02, 2.926700134277344e+02, 2.927558898925781e+02, 2.928370971679688e+02, 2.928979797363281e+02, 2.92926513671875e+02, 2.929510192871094e+02, 2.929725036621094e+02, 2.929842834472656e+02, 2.929677734375e+02, 2.929506530761719e+02, 2.929346618652344e+02, 2.929184875488281e+02, 2.928910827636719e+02, 2.928621215820312e+02, 2.928339233398438e+02, 2.928070373535156e+02, 2.927577819824219e+02, 2.926996459960938e+02, 2.926396179199219e+02, 2.925769653320312e+02, 2.925542907714844e+02, 2.925621948242188e+02, 2.925710144042969e+02, 2.925790405273438e+02, 2.925792236328125e+02, 2.925679321289062e+02, 2.925540771484375e+02, 2.925396423339844e+02, 2.925205383300781e+02, 2.924870910644531e+02, 2.924533081054688e+02, 2.923535461425781e+02, 2.92189453125e+02, 2.920141296386719e+02, 2.921190795898438e+02, 2.922097473144531e+02, 2.922506713867188e+02, 2.922679443359375e+02, 2.922816162109375e+02, 2.922932739257812e+02, 2.923027954101562e+02]
electricalGrid.PElecGen=[0e+00, 0e+00]
electricalGrid.PElecLoa=[4.70393603515625e+03, 4.0053671875e+03, 2.42731640625e+03, 1.628569946289062e+03, 1.373236450195312e+03, 1.282778076171875e+03, 1.25162744140625e+03, 1.246987426757812e+03, 1.2529130859375e+03, 1.2623125e+03, 1.272461547851562e+03, 1.282472900390625e+03, 1.292192749023438e+03, 1.30297216796875e+03, 1.319731323242188e+03, 1.3390859375e+03, 1.356424682617188e+03, 1.369530151367188e+03, 1.380618286132812e+03, 1.391220092773438e+03, 1.401555419921875e+03, 1.411290161132812e+03, 1.410838012695312e+03, 1.403708984375e+03, 1.400074462890625e+03, 1.408003051757812e+03, 1.432786254882812e+03, 1.463800415039062e+03, 1.48736328125e+03, 1.493050659179688e+03, 1.484770141601562e+03, 1.4810703125e+03, 1.480635986328125e+03, 1.481845703125e+03, 1.483865966796875e+03, 1.486755493164062e+03, 1.489850463867188e+03, 1.492454467773438e+03, 1.485918090820312e+03, 1.441343139648438e+03, 1.381727905273438e+03, 1.332520751953125e+03, 1.308934326171875e+03, 1.297066650390625e+03, 1.284482788085938e+03, 1.26543359375e+03, 1.235861450195312e+03, 1.203152709960938e+03, 1.172734008789062e+03, 1.1434384765625e+03, 1.133033325195312e+03, 1.12698583984375e+03, 1.121931274414062e+03, 1.1177314453125e+03, 5.27755224609375e+03, 3.243069887161255e+00, 1.294972045898437e+03, 1.186155151367163e+03, 1.08337646484375e+03, 1.071417236328125e+03, 1.077280395507812e+03, 1.082637329101562e+03, 1.08754833984375e+03, 1.092010498046875e+03, 1.095846923828125e+03, 1.099193603515625e+03, 1.102159545898438e+03, 1.104803588867188e+03, 1.107067260742188e+03, 1.108986450195312e+03, 1.11054736328125e+03, 1.111718383789062e+03, 1.112516723632812e+03, 1.11300439453125e+03, 1.113235229492188e+03, 1.113239013671875e+03, 1.112899658203125e+03, 1.112199584960938e+03, 1.111344604492188e+03, 1.110452392578125e+03, 1.10968212890625e+03, 1.109245727539062e+03, 1.109020263671875e+03, 1.109036010742188e+03, 1.109321411132812e+03, 1.109789916992188e+03, 1.110247802734375e+03, 1.110503173828125e+03, 1.110443481445312e+03, 1.110189575195312e+03, 5.1461513671875e+03, 3.243069887161255e+00, 3.243069887161255e+00, 1.313754150390625e+03, 1.205311157226562e+03, 1.106540649414062e+03, 1.073126831054688e+03, 1.077896728515625e+03, 1.08147705078125e+03, 1.084545654296875e+03, 1.087197998046875e+03]
