last-generated=2025-12-09
statistics-initialization=
{
  "linear": "19",
  "nonlinear": "5, 1, 0, 14, 1, 1, 1, 1, 0, 1, 0, 1, 1, 1",
  "numerical Jacobians": "0"
}
statistics-simulation=
{
  "linear": "0, 0, 0, 0, 0, 11, 0, 0, 0, 0, 0, 0, 0, 0, 0, 0, 0, 0",
  "nonlinear": "1, 1, 1, 1, 1, 1, 1, 1, 1",
  "number of continuous time states": "120",
  "numerical Jacobians": "0"
}
time=[0e+00, 8.64e+05]
electrical.distribution.batterySimple.PLoad=[4.823389282226562e+02, 9.4658984375e+02, 8.867127685546875e+02, 8.425147705078125e+02, 8.370839233398438e+02, 7.090682373046875e+02, 6.08412353515625e+02, 6.803488769531251e+02, 4.106791015625e+03, 8.464483032226562e+02, 7.777890625e+02, 8.910568237304688e+02, 8.600881958007812e+02, 8.321091918945312e+02, 8.058543701171872e+02, 1.298949096679688e+03, 2.249951362609863e+01, 8.375097045898438e+02, 9.645278930664062e+02, 9.164158935546875e+02, 9.149489135742188e+02, 9.351956176757812e+02, 9.095366821289062e+02, 9.957559204101562e+02, 9.472529907226562e+02, 8.516991577148438e+02, 2.249951362609863e+01, 3.460120849609367e+03, 9.662310791015625e+02, 9.227069702148439e+02, 3.68149169921875e+03, 9.149963989257812e+02, 9.171817016601562e+02, 7.843253173828125e+02, 9.3749609375e+02, 7.931676635742188e+02, 6.448500366210938e+02, 6.41602783203125e+02, 6.402286376953125e+02, 6.513209228515625e+02, 6.795308837890625e+02, 6.135709838867188e+02, 5.790679931640625e+02, 8.26207763671875e+02, 6.562410278320312e+02, 5.269979248046875e+02, 4.70373046875e+02, 5.017875671386719e+02, 5.412537841796875e+02, 6.573091430664062e+02, 6.049920043945312e+02, 5.217156372070312e+02, 4.830262451171875e+02, 8.384819946289062e+02, 4.841513671874991e+02, 3.805936889648432e+02, 3.384451599121093e+02, 3.81451202392578e+02, 4.067695617675782e+02, 6.782394409179688e+02, 4.339930725097656e+02, 3.662224426269531e+02, 3.771841735839844e+02, 8.516325073242188e+02, 4.401042175292969e+02, 2.671309204101562e+02, 2.772238464355469e+02, 2.762628479003906e+02, 4.653692016601562e+02, 6.854988403320312e+02, 6.108536987304688e+02, 5.284777221679688e+02, 5.293836059570312e+02, 8.347680053710938e+02, 5.618838500976562e+02, 2.249951362609863e+01, 2.266829299926758e+01, 3.897386779785156e+02, 4.632641296386719e+02, 6.683024291992188e+02, 5.095548400878906e+02, 4.178973388671875e+02, 4.085207824707031e+02, 8.524596557617188e+02, 4.606837768554688e+02, 3.104898376464844e+02, 3.367795104980469e+02, 3.897113952636719e+02, 4.729398803710938e+02, 6.773618774414062e+02, 5.966680297851562e+02, 5.019641418457031e+02, 5.143614501953125e+02, 8.366301879882812e+02, 6.161228637695312e+02, 2.249951362609863e+01, 2.249951362609863e+01, 2.267867088317871e+01, 3.97934326171875e+02, 6.785401611328125e+02, 3.843588562011719e+02]
electrical.distribution.batterySimple.PCharge=[0e+00, 0e+00, 0e+00, 0e+00, 6.106711196899414e+01, 1.966503143310547e+02, 1.606682739257812e+02, 0e+00, 0e+00, 0e+00, 0e+00, 0e+00, 0e+00, 0e+00, 1.385809631347671e+02, 6.023507690429688e+02, 1.929048767089844e+02, 0e+00, 0e+00, 0e+00, 0e+00, 0e+00, 0e+00, 0e+00, 8.724502563476562e+01, 5.237630615234375e+02, 3.925466918945312e+02, 0e+00, 0e+00, 0e+00, 0e+00, 0e+00, 0e+00, 0e+00, 5.034864044189453e+01, 1.458991088867188e+02, 1.536140747070312e+02, 0e+00, 0e+00, 0e+00, 0e+00, 0e+00, 0e+00, 0e+00, 3.488282012939453e+01, 1.819532165527344e+02, 1.381690826416016e+02, 0e+00, 0e+00, 0e+00, 0e+00, 0e+00, 0e+00, 0e+00, 5.560786437988357e+01, 1.03811111450196e+02, 1.586644439697252e+02, 0e+00, 0e+00, 0e+00, 0e+00, 0e+00, 0e+00, 0e+00, 1.00876350402832e+02, 2.906117553710938e+02, 1.937550354003906e+02, 0e+00, 0e+00, 0e+00, 0e+00, 0e+00, 0e+00, 0e+00, 2.009622650146484e+02, 5.782365112304688e+02, 1.11823616027832e+02, 0e+00, 0e+00, 0e+00, 0e+00, 0e+00, 0e+00, 0e+00, 6.448879241943359e+01, 2.345380401611328e+02, 2.187659454345703e+02, 0e+00, 0e+00, 0e+00, 0e+00, 0e+00, 0e+00, 0e+00, 2.192265472412109e+02, 6.185657958984375e+02, 3.130384521484375e+02, 0e+00, 0e+00, 0e+00, 0e+00]
hydraulic.distribution.sigBusDistr.TStoDHWTopMea=[3.231499938964844e+02, 3.32405029296875e+02, 3.313510437011719e+02, 3.284731140136719e+02, 3.256697082519531e+02, 3.237429809570312e+02, 3.218734130859375e+02, 3.198554077148438e+02, 3.222127990722656e+02, 3.223896789550781e+02, 3.210261840820312e+02, 3.325411682128906e+02, 3.314446411132812e+02, 3.272294616699219e+02, 3.23973388671875e+02, 3.319596862792969e+02, 3.318860168457031e+02, 3.305913696289062e+02, 3.292082214355469e+02, 3.23046142578125e+02, 3.215006103515625e+02, 3.325310363769531e+02, 3.314347534179688e+02, 3.271658630371094e+02, 3.238734130859375e+02, 3.324287719726562e+02, 3.306888427734375e+02, 3.289766235351562e+02, 3.270872802734375e+02, 3.193396301269535e+02, 3.280987854003906e+02, 3.27121337890625e+02, 3.261783447265625e+02, 3.216858215332031e+02, 3.309848022460938e+02, 3.292213134765625e+02, 3.275639953613281e+02, 3.25836669921875e+02, 3.237994995117188e+02, 3.136343383789062e+02, 3.276186218261719e+02, 3.266432800292969e+02, 3.257029724121094e+02, 3.206067810058594e+02, 3.315387268066406e+02, 3.29902587890625e+02, 3.283420715332031e+02, 3.267067260742188e+02, 3.24766357421875e+02, 3.152857666015625e+02, 3.276449584960938e+02, 3.266761779785156e+02, 3.257420043945312e+02, 3.208936462402344e+02, 3.317141418457031e+02, 3.301595458984375e+02, 3.286626892089844e+02, 3.270887145996094e+02, 3.252142639160156e+02, 3.160728149414062e+02, 3.276941223144531e+02, 3.26740234375e+02, 3.2581982421875e+02, 3.217182922363281e+02, 3.318858337402344e+02, 3.304122619628906e+02, 3.2897705078125e+02, 3.274611206054688e+02, 3.25647216796875e+02, 3.170420532226562e+02, 3.276657409667969e+02, 3.267031555175781e+02, 3.257747192382812e+02, 3.213072509765625e+02, 3.316371154785156e+02, 3.300488586425781e+02, 3.28526123046875e+02, 3.269270629882812e+02, 3.250256042480469e+02, 3.157381286621094e+02, 3.276752014160156e+02, 3.267152404785156e+02, 3.257891845703125e+02, 3.213410949707031e+02, 3.318357543945312e+02, 3.303385009765625e+02, 3.288851623535156e+02, 3.273521118164062e+02, 3.255202941894531e+02, 3.168080444335938e+02, 3.276622009277344e+02, 3.26698486328125e+02, 3.257690124511719e+02, 3.212172546386719e+02, 3.316463928222656e+02, 3.300622863769531e+02, 3.285427551269531e+02, 3.269468383789062e+02, 3.250485229492188e+02, 3.157161254882812e+02, 3.277106628417969e+02]
hydraulic.distribution.sigBusDistr.TStoBufTopMea=[2.931499938964844e+02, 3.213218078613281e+02, 3.221717834472656e+02, 3.215645751953125e+02, 3.211328125e+02, 3.209030151367188e+02, 3.200711975097656e+02, 3.191178894042969e+02, 3.073815612792969e+02, 3.196295471191406e+02, 3.201141357421875e+02, 3.195040283203125e+02, 3.211267395019531e+02, 3.211017761230469e+02, 3.209020080566406e+02, 3.229037475585938e+02, 3.240299377441406e+02, 3.209101257324219e+02, 3.233543090820312e+02, 3.210557250976562e+02, 3.210762939453125e+02, 3.22488525390625e+02, 3.211737365722656e+02, 3.263468017578125e+02, 3.230595397949219e+02, 3.209241638183594e+02, 3.262911071777344e+02, 3.201729431152345e+02, 3.234845581054688e+02, 3.21568603515625e+02, 3.206630554199219e+02, 3.198491516113281e+02, 3.195517883300781e+02, 3.188039245605469e+02, 3.202309265136719e+02, 3.199776611328125e+02, 3.1946826171875e+02, 3.184998168945312e+02, 3.178016052246094e+02, 3.167720336914062e+02, 3.162914123535156e+02, 3.168908386230469e+02, 3.167994079589844e+02, 3.163906555175781e+02, 3.162734680175781e+02, 3.166564331054688e+02, 3.162143859863281e+02, 3.159138488769531e+02, 3.158488159179688e+02, 3.156779174804688e+02, 3.151548461914062e+02, 3.153078918457031e+02, 3.149246826171875e+02, 3.14333984375e+02, 3.133653869628906e+02, 3.132285461425781e+02, 3.132897644042969e+02, 3.132452697753906e+02, 3.131168518066406e+02, 3.1252685546875e+02, 3.123056945800781e+02, 3.122152709960938e+02, 3.124765930175781e+02, 3.127713623046875e+02, 3.130093383789062e+02, 3.1310595703125e+02, 3.150346374511719e+02, 3.149579772949219e+02, 3.140051574707031e+02, 3.149750671386719e+02, 3.154115905761719e+02, 3.156965942382812e+02, 3.160579223632812e+02, 3.157328796386719e+02, 3.154410400390625e+02, 3.194386291503906e+02, 3.184226379394531e+02, 3.139672546386719e+02, 3.140688781738281e+02, 3.138105163574219e+02, 3.133944091796875e+02, 3.134217834472656e+02, 3.132703247070312e+02, 3.128172302246094e+02, 3.129845275878906e+02, 3.126792297363281e+02, 3.139722595214844e+02, 3.135357666015625e+02, 3.146607055664062e+02, 3.152510070800781e+02, 3.148453063964844e+02, 3.1495361328125e+02, 3.152867736816406e+02, 3.151485595703125e+02, 3.156868591308594e+02, 3.203658447265625e+02, 3.193583068847656e+02, 3.156865234375e+02, 3.135218200683594e+02, 3.122864685058594e+02, 3.113844604492188e+02]
hydraulic.generation.sigBusGen.TGenOutMea=[2.931499938964844e+02, 3.224414672851562e+02, 3.228075866699219e+02, 3.2213427734375e+02, 3.217568664550781e+02, 3.211661682128906e+02, 3.201569213867188e+02, 3.1946923828125e+02, 3.318009338378906e+02, 3.207880859375e+02, 3.207203674316406e+02, 3.209463806152344e+02, 3.218955383300781e+02, 3.217170104980469e+02, 3.214666442871094e+02, 3.355247192382812e+02, 2.931829833984375e+02, 3.214728698730469e+02, 3.239827270507812e+02, 3.22052978515625e+02, 3.222250671386719e+02, 3.234513549804688e+02, 3.222236328125e+02, 3.260090026855469e+02, 3.239365234375e+02, 3.214560546875e+02, 2.976853942871094e+02, 3.233189392089844e+02, 3.240867309570312e+02, 3.2244580078125e+02, 3.251385192871094e+02, 3.212138061523438e+02, 3.209964904785156e+02, 3.126865234375e+02, 3.217104187011719e+02, 3.207734375e+02, 3.197097778320312e+02, 3.188155517578125e+02, 3.182347412109375e+02, 3.036360778808594e+02, 3.174314270019531e+02, 3.174150695800781e+02, 3.171558227539062e+02, 3.139053039550781e+02, 3.172408142089844e+02, 3.168976745605469e+02, 3.1634326171875e+02, 3.161199951171875e+02, 3.161819458007812e+02, 3.039943542480469e+02, 3.160973205566406e+02, 3.156858215332031e+02, 3.151787719726562e+02, 3.143468933105469e+02, 3.139650268554688e+02, 3.133791809082031e+02, 3.133652954101562e+02, 3.133553161621094e+02, 3.133122253417969e+02, 3.048447875976562e+02, 3.128057556152344e+02, 3.123949584960938e+02, 3.126584777832031e+02, 3.145149841308594e+02, 3.1339990234375e+02, 3.132492980957031e+02, 3.150814514160156e+02, 3.148971862792969e+02, 3.143007202148438e+02, 3.067754821777344e+02, 3.16301513671875e+02, 3.160447692871094e+02, 3.163295593261719e+02, 3.142950134277344e+02, 3.160573120117188e+02, 2.955504455566406e+02, 2.931517944335938e+02, 3.140202941894531e+02, 3.143484497070312e+02, 3.044464111328125e+02, 3.141312561035156e+02, 3.136431274414062e+02, 3.134658813476562e+02, 3.146798095703125e+02, 3.134862670898438e+02, 3.127505798339844e+02, 3.139805908203125e+02, 3.136691284179688e+02, 3.148971862792969e+02, 3.059980163574219e+02, 3.157755126953125e+02, 3.153018493652344e+02, 3.156059265136719e+02, 3.143354187011719e+02, 3.164929504394531e+02, 2.955161743164062e+02, 2.931517639160156e+02, 2.931499938964844e+02, 3.136470642089844e+02, 3.046528930664062e+02, 3.117802124023438e+02]
ventilation.generation.TSup.T=[2.931499938964844e+02, 2.843229675292969e+02, 2.841904602050781e+02, 2.843852844238281e+02, 2.845274353027344e+02, 2.848687744140625e+02, 2.851820983886719e+02, 2.852807006835938e+02, 2.844405822753906e+02, 2.850466613769531e+02, 2.850235290527344e+02, 2.8484130859375e+02, 2.846197509765625e+02, 2.845599670410156e+02, 2.847433166503906e+02, 2.876776733398438e+02, 2.849214477539062e+02, 2.843823547363281e+02, 2.835304565429688e+02, 2.829334411621094e+02, 2.826356201171875e+02, 2.823004455566406e+02, 2.819511413574219e+02, 2.823157958984375e+02, 2.826671447753906e+02, 2.850037231445312e+02, 2.847025756835938e+02, 2.837549743652344e+02, 2.83491455078125e+02, 2.830443420410156e+02, 2.825264892578125e+02, 2.833013916015625e+02, 2.835587158203125e+02, 2.835171508789062e+02, 2.840546264648438e+02, 2.85180419921875e+02, 2.854339294433594e+02, 2.855657348632812e+02, 2.858326416015625e+02, 2.861127014160156e+02, 2.862301940917969e+02, 2.863443298339844e+02, 2.863080749511719e+02, 2.862788696289062e+02, 2.863664245605469e+02, 2.866376647949219e+02, 2.865868225097656e+02, 2.865810546875e+02, 2.865917358398438e+02, 2.866080322265625e+02, 2.867850952148438e+02, 2.869883422851562e+02, 2.870510559082031e+02, 2.871819763183594e+02, 2.876707763671875e+02, 2.878747863769531e+02, 2.877587585449219e+02, 2.876269836425781e+02, 2.87705322265625e+02, 2.879241638183594e+02, 2.881004943847656e+02, 2.881842041015625e+02, 2.879717407226562e+02, 2.87810791015625e+02, 2.879105224609375e+02, 2.883781433105469e+02, 2.883276672363281e+02, 2.882839050292969e+02, 2.871986999511719e+02, 2.869202880859375e+02, 2.867171936035156e+02, 2.868267822265625e+02, 2.866011352539062e+02, 2.866026306152344e+02, 2.871108703613281e+02, 2.883330078125e+02, 2.872528686523438e+02, 2.874908447265625e+02, 2.87259033203125e+02, 2.8739599609375e+02, 2.875663146972656e+02, 2.877610778808594e+02, 2.876849975585938e+02, 2.877855224609375e+02, 2.87840087890625e+02, 2.881068725585938e+02, 2.874930419921875e+02, 2.874807434082031e+02, 2.870714416503906e+02, 2.868376159667969e+02, 2.869053649902344e+02, 2.871239013671875e+02, 2.868609008789062e+02, 2.868239440917969e+02, 2.868650512695312e+02, 2.886595764160156e+02, 2.888139343261719e+02, 2.876654663085938e+02, 2.875440063476562e+02, 2.880575866699219e+02, 2.884974365234375e+02]
ventilation.generation.weaBus.TDryBul=[2.711499938964844e+02, 2.706598205566406e+02, 2.704500122070312e+02, 2.710835876464844e+02, 2.713986511230469e+02, 2.720499877929688e+02, 2.730393371582031e+02, 2.735700073242188e+02, 2.729700012207031e+02, 2.723796081542969e+02, 2.724500122070312e+02, 2.720899963378906e+02, 2.713411865234375e+02, 2.714856872558594e+02, 2.71758056640625e+02, 2.728500061035156e+02, 2.721732788085938e+02, 2.715361633300781e+02, 2.691483459472656e+02, 2.680009765625e+02, 2.670499877929688e+02, 2.668262023925781e+02, 2.657754821777344e+02, 2.654322509765625e+02, 2.667328796386719e+02, 2.708500061035156e+02, 2.715960083007812e+02, 2.706900024414062e+02, 2.6904345703125e+02, 2.681499938964844e+02, 2.6875e+02, 2.692776794433594e+02, 2.698986511230469e+02, 2.698555908203125e+02, 2.7092041015625e+02, 2.724500122070312e+02, 2.734451904296875e+02, 2.742142639160156e+02, 2.747942810058594e+02, 2.753908081054688e+02, 2.755499877929688e+02, 2.75614013671875e+02, 2.758299865722656e+02, 2.758448791503906e+02, 2.757672424316406e+02, 2.761499938964844e+02, 2.765899963378906e+02, 2.767610473632812e+02, 2.767300109863281e+02, 2.766708068847656e+02, 2.768500061035156e+02, 2.772636108398438e+02, 2.7771533203125e+02, 2.781019897460938e+02, 2.789319152832031e+02, 2.794500122070312e+02, 2.794466247558594e+02, 2.794279174804688e+02, 2.794849243164062e+02, 2.799500122070312e+02, 2.800499877929688e+02, 2.803680114746094e+02, 2.800899963378906e+02, 2.797099914550781e+02, 2.795200500488281e+02, 2.806499938964844e+02, 2.810128784179688e+02, 2.810320129394531e+02, 2.784481201171875e+02, 2.775330505371094e+02, 2.766499938964844e+02, 2.768958740234375e+02, 2.766292114257812e+02, 2.766669616699219e+02, 2.769802551269531e+02, 2.786499938964844e+02, 2.78731689453125e+02, 2.791405029296875e+02, 2.784546508789062e+02, 2.786761779785156e+02, 2.7875e+02, 2.792179870605469e+02, 2.793362731933594e+02, 2.796307983398438e+02, 2.793832702636719e+02, 2.800499877929688e+02, 2.789285583496094e+02, 2.790899963378906e+02, 2.779700012207031e+02, 2.77250732421875e+02, 2.771499938964844e+02, 2.77614013671875e+02, 2.772754516601562e+02, 2.772228088378906e+02, 2.764660034179688e+02, 2.784500122070312e+02, 2.800023193359375e+02, 2.797099914550781e+02, 2.791930847167969e+02, 2.803331909179688e+02, 2.810499877929688e+02]
building.buiMeaBus.TZoneMea[1]=[2.931499938964844e+02, 2.933088684082031e+02, 2.932327270507812e+02, 2.931396789550781e+02, 2.931684875488281e+02, 2.933046569824219e+02, 2.9317236328125e+02, 2.929861755371094e+02, 2.919784545898438e+02, 2.933804931640625e+02, 2.932947692871094e+02, 2.932311706542969e+02, 2.933563232421875e+02, 2.931627197265625e+02, 2.932892150878906e+02, 2.974423828125e+02, 2.933033752441406e+02, 2.928396606445312e+02, 2.929993896484375e+02, 2.927650756835938e+02, 2.928969421386719e+02, 2.924893493652344e+02, 2.926013793945312e+02, 2.934369812011719e+02, 2.9316064453125e+02, 2.943304443359375e+02, 2.933300170898438e+02, 2.923616333007812e+02, 2.930050048828125e+02, 2.928520202636719e+02, 2.916099853515625e+02, 2.925356140136719e+02, 2.925541076660156e+02, 2.925119018554688e+02, 2.927005615234375e+02, 2.935564575195312e+02, 2.933193054199219e+02, 2.930306396484375e+02, 2.930907897949219e+02, 2.931614685058594e+02, 2.932525939941406e+02, 2.933983459472656e+02, 2.931963195800781e+02, 2.931382141113281e+02, 2.933363342285156e+02, 2.935328369140625e+02, 2.931586303710938e+02, 2.930359497070312e+02, 2.930741882324219e+02, 2.931395568847656e+02, 2.933155212402344e+02, 2.933790588378906e+02, 2.931853637695312e+02, 2.931474914550781e+02, 2.934122619628906e+02, 2.934079284667969e+02, 2.9321728515625e+02, 2.930119018554688e+02, 2.93104248046875e+02, 2.931605529785156e+02, 2.933870849609375e+02, 2.933158874511719e+02, 2.931467895507812e+02, 2.9313037109375e+02, 2.93422119140625e+02, 2.934518432617188e+02, 2.931308898925781e+02, 2.930447692871094e+02, 2.929464721679688e+02, 2.930882873535156e+02, 2.933343505859375e+02, 2.93353271484375e+02, 2.931550903320312e+02, 2.931336669921875e+02, 2.937742614746094e+02, 2.946993408203125e+02, 2.92852783203125e+02, 2.929793090820312e+02, 2.930447082519531e+02, 2.931257629394531e+02, 2.933599243164062e+02, 2.93373291015625e+02, 2.931685180664062e+02, 2.931413269042969e+02, 2.933959045410156e+02, 2.933990478515625e+02, 2.931213684082031e+02, 2.929926452636719e+02, 2.930519714355469e+02, 2.931383666992188e+02, 2.933171997070312e+02, 2.933723754882812e+02, 2.931594848632812e+02, 2.931333923339844e+02, 2.937033386230469e+02, 2.953719482421875e+02, 2.946016235351562e+02, 2.928926391601562e+02, 2.930318908691406e+02, 2.931318054199219e+02, 2.933882751464844e+02]
