last-generated=2025-01-03
statistics-initialization=
{
  "nonlinear": "5, 7, 3, 0, 1, 1, 0, 1, 1",
  "numerical Jacobians": "0"
}
statistics-simulation=
{
  "linear": "0, 0, 0, 0, 0, 0, 0, 0, 0, 0, 0, 0, 0, 0, 0, 0, 0, 0, 0, 0, 0, 0, 0, 0, 0, 0, 0,   0, 0, 0, 0, 0, 0, 0, 0, 0, 0, 0, 0, 0, 0, 0, 0",
  "nonlinear": "2, 1, 1, 1, 6, 1, 1, 1, 1, 1, 0, 1, 0, 1, 0, 1, 1",
  "number of continuous time states": "112",
  "numerical Jacobians": "0"
}
time=[0e+00, 8.64e+04]
weaDat.weaBus.TDryBul=[2.713500061035156e+02, 2.714065551757812e+02, 2.714423522949219e+02, 2.714366760253906e+02, 2.713688049316406e+02, 2.7125e+02, 2.711300048828125e+02, 2.71010009765625e+02, 2.708900146484375e+02, 2.707699890136719e+02, 2.706499938964844e+02, 2.705299987792969e+02, 2.704100036621094e+02, 2.702814025878906e+02, 2.701031188964844e+02, 2.698934020996094e+02, 2.696802062988281e+02, 2.694894714355469e+02, 2.693132629394531e+02, 2.691443176269531e+02, 2.689815979003906e+02, 2.688259887695312e+02, 2.687498474121094e+02, 2.687407531738281e+02, 2.687302856445312e+02, 2.686499938964844e+02, 2.684281311035156e+02, 2.681062622070312e+02, 2.677860412597656e+02, 2.675690002441406e+02, 2.674700012207031e+02, 2.673739929199219e+02, 2.672780151367188e+02, 2.671820068359375e+02, 2.670859985351562e+02, 2.66989990234375e+02, 2.668940124511719e+02, 2.667980041503906e+02, 2.667543640136719e+02, 2.670124816894531e+02, 2.674586791992188e+02, 2.679197998046875e+02, 2.682342834472656e+02, 2.684475708007812e+02, 2.686448669433594e+02, 2.688818969726562e+02, 2.692129211425781e+02, 2.696084899902344e+02, 2.700237121582031e+02, 2.704428100585938e+02, 2.708500061035156e+02, 2.712447509765625e+02, 2.716349792480469e+02, 2.720175170898438e+02, 2.723893127441406e+02, 2.72725830078125e+02, 2.729895324707031e+02, 2.731852111816406e+02, 2.733184814453125e+02, 2.734028930664062e+02, 2.734673461914062e+02, 2.735138549804688e+02, 2.735424194335938e+02, 2.735553894042969e+02, 2.735648498535156e+02, 2.735686645507812e+02, 2.73562255859375e+02, 2.735403137207031e+02, 2.734952392578125e+02, 2.734378051757812e+02, 2.733829650878906e+02, 2.733453369140625e+02, 2.733241271972656e+02, 2.73316162109375e+02, 2.733239440917969e+02, 2.733500061035156e+02, 2.734044799804688e+02, 2.734835205078125e+02, 2.735684204101562e+02, 2.736405334472656e+02, 2.736940002441406e+02, 2.737383422851562e+02, 2.737637023925781e+02, 2.737596740722656e+02, 2.737111511230469e+02, 2.736122741699219e+02, 2.734936828613281e+02, 2.733878784179688e+02, 2.733190002441406e+02, 2.732585144042969e+02, 2.73205322265625e+02, 2.731657104492188e+02, 2.731450805664062e+02, 2.73135498046875e+02, 2.731335754394531e+02, 2.731393432617188e+02, 2.7315283203125e+02, 2.73175048828125e+02, 2.732023315429688e+02, 2.732291564941406e+02, 2.7325e+02]
hydraulic.generation.sigBusGen.TGenOutMea=[2.931499938964844e+02, 3.009061889648438e+02, 3.021979675292969e+02, 3.149565124511719e+02, 3.195533142089844e+02, 3.247646179199219e+02, 3.281915893554688e+02, 3.233291625976562e+02, 3.249342346191406e+02, 3.251495056152344e+02, 3.253857727050781e+02, 3.256341247558594e+02, 3.258466186523438e+02, 3.260338134765625e+02, 3.261930541992188e+02, 3.263261108398438e+02, 3.264380798339844e+02, 3.265333862304688e+02, 3.266127319335938e+02, 3.266781005859375e+02, 3.267310485839844e+02, 3.267729797363281e+02, 3.268126525878906e+02, 3.268525085449219e+02, 3.268895263671875e+02, 3.269178771972656e+02, 3.269296875e+02, 3.269336547851562e+02, 3.269355163574219e+02, 3.269429931640625e+02, 3.272039184570312e+02, 3.281283874511719e+02, 3.282495727539062e+02, 3.281181945800781e+02, 3.280446166992188e+02, 3.279832458496094e+02, 3.266957397460938e+02, 3.287718811035156e+02, 3.290169067382812e+02, 3.288931884765625e+02, 3.288381652832031e+02, 3.288306274414062e+02, 3.2884423828125e+02, 3.288780212402344e+02, 3.289307861328125e+02, 3.290000305175781e+02, 3.29084716796875e+02, 3.291800537109375e+02, 3.292815551757812e+02, 3.290688171386719e+02, 3.286730041503906e+02, 3.281947631835938e+02, 3.276771545410156e+02, 3.2715576171875e+02, 3.266507568359375e+02, 3.350704345703127e+02, 3.252716979980469e+02, 3.254520263671875e+02, 3.254421081542969e+02, 3.253824157714844e+02, 3.252899475097656e+02, 3.251992492675781e+02, 3.251288452148438e+02, 3.250844116210938e+02, 3.250554809570312e+02, 3.250407104492188e+02, 3.250421752929688e+02, 3.250636291503906e+02, 3.251123657226562e+02, 3.251794738769531e+02, 3.252501831054688e+02, 3.253067321777344e+02, 3.253450317382812e+02, 3.253643798828125e+02, 3.253623657226562e+02, 3.253366394042969e+02, 3.252772827148438e+02, 3.251852416992188e+02, 3.250784301757812e+02, 3.249786682128906e+02, 3.248984375e+02, 3.248334045410156e+02, 3.247929077148438e+02, 3.247869873046875e+02, 3.248317565917969e+02, 3.249373168945312e+02, 3.250758056640625e+02, 3.2521435546875e+02, 3.253228454589844e+02, 3.254160461425781e+02, 3.263276062011719e+02, 3.255082702636719e+02, 3.242711181640625e+02, 3.249334411621094e+02, 3.25488525390625e+02, 3.25681884765625e+02, 3.257446594238281e+02, 3.25718994140625e+02, 3.256527709960938e+02, 3.255737915039062e+02, 3.25506591796875e+02]
outputs.building.TZone[1]=[2.931499938964844e+02, 2.8576416015625e+02, 2.86126953125e+02, 2.866592102050781e+02, 2.876112670898438e+02, 2.883385009765625e+02, 2.890307922363281e+02, 2.894989929199219e+02, 2.893433227539062e+02, 2.893259582519531e+02, 2.893529052734375e+02, 2.893670654296875e+02, 2.893788757324219e+02, 2.893868408203125e+02, 2.893853149414062e+02, 2.893921508789062e+02, 2.894088439941406e+02, 2.894252624511719e+02, 2.8944189453125e+02, 2.894576110839844e+02, 2.894724426269531e+02, 2.894865417480469e+02, 2.895065307617188e+02, 2.895355834960938e+02, 2.895664367675781e+02, 2.895910034179688e+02, 2.896976013183594e+02, 2.898220825195312e+02, 2.899480285644531e+02, 2.900862426757812e+02, 2.904164733886719e+02, 2.906320190429688e+02, 2.9063037109375e+02, 2.907147521972656e+02, 2.907972717285156e+02, 2.908681640625e+02, 2.910309753417969e+02, 2.913787841796875e+02, 2.9137451171875e+02, 2.914361877441406e+02, 2.915294799804688e+02, 2.916616821289062e+02, 2.918055725097656e+02, 2.919393310546875e+02, 2.92051025390625e+02, 2.921212158203125e+02, 2.92154052734375e+02, 2.921401062011719e+02, 2.92146240234375e+02, 2.921903686523438e+02, 2.922131042480469e+02, 2.92181884765625e+02, 2.921282043457031e+02, 2.920588073730469e+02, 2.919739685058594e+02, 2.919443969726562e+02, 2.918451232910156e+02, 2.918338012695312e+02, 2.918967590332031e+02, 2.919660034179688e+02, 2.920310668945312e+02, 2.920869140625e+02, 2.921366577148438e+02, 2.921692199707031e+02, 2.921783142089844e+02, 2.921884765625e+02, 2.921994934082031e+02, 2.922047729492188e+02, 2.9218994140625e+02, 2.921802673339844e+02, 2.921763916015625e+02, 2.921748352050781e+02, 2.921630554199219e+02, 2.921486511230469e+02, 2.921329956054688e+02, 2.921160278320312e+02, 2.920747375488281e+02, 2.920222778320312e+02, 2.91964599609375e+02, 2.919021606445312e+02, 2.918768005371094e+02, 2.918792419433594e+02, 2.91883544921875e+02, 2.918893127441406e+02, 2.918914794921875e+02, 2.918897399902344e+02, 2.918941650390625e+02, 2.919051818847656e+02, 2.919150695800781e+02, 2.91911376953125e+02, 2.919050903320312e+02, 2.918442687988281e+02, 2.916591796875e+02, 2.916800842285156e+02, 2.917727661132812e+02, 2.918706970214844e+02, 2.919379577636719e+02, 2.919682922363281e+02, 2.919788818359375e+02, 2.919789733886719e+02, 2.919740905761719e+02]
electricalGrid.PElecGen=[0e+00, 0e+00]
electricalGrid.PElecLoa=[7.31930810546875e+03, 4.60685595703125e+03, 4.60761279296875e+03, 2.2727416015625e+04, 2.272598046875e+04, 2.311176953125e+04, 2.204779296875e+04, 5.8627451171875e+03, 6.019201171875e+03, 6.03786279296875e+03, 6.0603876953125e+03, 6.08361767578125e+03, 6.10307421875e+03, 6.11964794921875e+03, 6.13210205078125e+03, 6.141052734375e+03, 6.1476962890625e+03, 6.1531728515625e+03, 6.15743505859375e+03, 6.160365234375e+03, 6.16211328125e+03, 6.162859375e+03, 6.165271484375e+03, 6.169267578125e+03, 6.1729150390625e+03, 6.17396142578125e+03, 6.16988818359375e+03, 6.16256982421875e+03, 6.15452880859375e+03, 6.149771484375e+03, 6.17808056640625e+03, 6.27116845703125e+03, 6.27851904296875e+03, 6.26235009765625e+03, 6.252224609375e+03, 6.24327001953125e+03, 6.244537109375e+03, 6.32359326171875e+03, 6.3447919921875e+03, 6.33885009765625e+03, 6.34550927734375e+03, 6.35732958984375e+03, 6.36717333984375e+03, 6.37618359375e+03, 6.386783203125e+03, 6.40013037109375e+03, 6.41749365234375e+03, 6.43759912109375e+03, 6.45890234375e+03, 5.97638134765625e+03, 5.36358544921875e+03, 4.90562109375e+03, 4.573330078125e+03, 4.3416708984375e+03, 4.1669150390625e+03, 7.257754394531271e+03, 5.881962890624995e+03, 5.307187011718755e+03, 4.92131884765625e+03, 4.623244140625e+03, 4.4385546875e+03, 4.3414453125e+03, 4.3023896484375e+03, 4.30032763671875e+03, 4.3101943359375e+03, 4.32616357421875e+03, 4.34833642578125e+03, 4.38022265625e+03, 4.428621582031251e+03, 4.48287890625e+03, 4.5258896484375e+03, 4.54436865234375e+03, 4.53890185546875e+03, 4.521431640625e+03, 4.49275537109375e+03, 4.4528154296875e+03, 4.39390478515625e+03, 4.323072265625e+03, 4.2608447265625e+03, 4.2249580078125e+03, 4.2169384765625e+03, 4.2188837890625e+03, 4.2342685546875e+03, 4.27161083984375e+03, 4.34337109375e+03, 4.45260693359375e+03, 4.57440478515625e+03, 4.67087255859375e+03, 4.7034384765625e+03, 4.71203515625e+03, 6.903751953125e+03, 3.86885400390625e+03, 5.99862109375e+03, 6.06876318359375e+03, 6.02601123046875e+03, 5.5378037109375e+03, 5.10115283203125e+03, 4.79139208984375e+03, 4.583318359375e+03, 4.47861962890625e+03, 4.4339697265625e+03]
