last-generated=2025-08-27
statistics-initialization=
{
  "nonlinear": "5, 8, 1, 0, 1, 2, 0, 1, 1, 0, 1, 1",
  "numerical Jacobians": "0"
}
statistics-simulation=
{
  "linear": "0, 0, 0, 0, 0, 0, 0, 0, 0, 0, 0, 0, 0, 0, 0, 0, 0, 0, 0, 0, 0, 0, 0, 0, 0, 0, 0,   0, 0, 0, 0, 0, 0, 0, 0, 0, 0, 0, 0, 0, 0, 0, 0, 0, 0, 0, 0, 0, 0, 0, 0, 0, 0,   0, 0, 0, 0, 0, 0, 0, 0, 0, 0, 0, 0, 0, 0, 0, 0, 0, 0, 0, 0",
  "nonlinear": "1, 1, 1, 1, 1, 1, 6, 1, 1, 1, 1, 1, 1, 1, 1, 1, 1, 1, 1, 1, 1, 1, 1, 1, 1, 1, 1,   1, 1, 1, 1, 1, 1, 1, 1, 1, 1, 1, 0, 1, 0, 1, 0, 1, 1",
  "number of continuous time states": "244",
  "numerical Jacobians": "0"
}
time=[0e+00, 1.728e+05]
weaDat.weaBus.TDryBul=[2.711499938964844e+02, 2.711964111328125e+02, 2.711585388183594e+02, 2.710329895019531e+02, 2.708773498535156e+02, 2.706598205566406e+02, 2.704615478515625e+02, 2.704500122070312e+02, 2.704500122070312e+02, 2.704500122070312e+02, 2.704500122070312e+02, 2.704904479980469e+02, 2.706648559570312e+02, 2.708219909667969e+02, 2.709660034179688e+02, 2.710835876464844e+02, 2.710487060546875e+02, 2.710967712402344e+02, 2.713839721679688e+02, 2.715577392578125e+02, 2.713986511230469e+02, 2.713771667480469e+02, 2.716394348144531e+02, 2.718602600097656e+02, 2.719464111328125e+02, 2.720499877929688e+02, 2.722364196777344e+02, 2.724353637695312e+02, 2.725456237792969e+02, 2.726259155273438e+02, 2.730393371582031e+02, 2.736041564941406e+02, 2.736746826171875e+02, 2.736636657714844e+02, 2.736180114746094e+02, 2.735700073242188e+02, 2.735389404296875e+02, 2.735155944824219e+02, 2.7335400390625e+02, 2.731619873046875e+02, 2.729700012207031e+02, 2.727780151367188e+02, 2.72593994140625e+02, 2.724955749511719e+02, 2.724342651367188e+02, 2.723796081542969e+02, 2.723463134765625e+02, 2.723376770019531e+02, 2.723522033691406e+02, 2.724003295898438e+02, 2.724500122070312e+02, 2.724666442871094e+02, 2.724525451660156e+02, 2.724020690917969e+02, 2.722803344726562e+02, 2.720899963378906e+02, 2.718980102539062e+02, 2.717059936523438e+02, 2.715140075683594e+02, 2.713631591796875e+02, 2.713411865234375e+02, 2.713729858398438e+02, 2.714293518066406e+02, 2.714556884765625e+02, 2.714446716308594e+02, 2.714856872558594e+02, 2.716668701171875e+02, 2.717514038085938e+02, 2.716672058105469e+02, 2.716678771972656e+02, 2.71758056640625e+02, 2.718697814941406e+02, 2.7200390625e+02, 2.721656494140625e+02, 2.724968872070312e+02, 2.728500061035156e+02, 2.729950561523438e+02, 2.729598999023438e+02, 2.725846862792969e+02, 2.721623229980469e+02, 2.721732788085938e+02, 2.722332153320312e+02, 2.723517456054688e+02, 2.724693908691406e+02, 2.722129516601562e+02, 2.715361633300781e+02, 2.708384399414062e+02, 2.701152648925781e+02, 2.6966552734375e+02, 2.693913269042969e+02, 2.691483459472656e+02, 2.68912841796875e+02, 2.686530456542969e+02, 2.682867126464844e+02, 2.680051879882812e+02, 2.680009765625e+02, 2.679133911132812e+02, 2.676651611328125e+02, 2.674332275390625e+02, 2.672374267578125e+02, 2.670499877929688e+02]
hydraulic.generation.sigBusGen.TGenOutMea=[2.931499938964844e+02, 3.044039306640625e+02, 3.071711730957031e+02, 3.088074340820312e+02, 3.099476928710938e+02, 3.109044799804688e+02, 3.118157043457031e+02, 3.127710571289062e+02, 3.137848510742188e+02, 3.148258361816406e+02, 3.158651123046875e+02, 3.168786010742188e+02, 3.1786767578125e+02, 3.187920227050781e+02, 3.1968896484375e+02, 3.181989135742188e+02, 3.201989440917969e+02, 3.210012512207031e+02, 3.217042236328125e+02, 3.223483581542969e+02, 3.22939453125e+02, 3.237750244140625e+02, 3.241676940917969e+02, 3.250365600585938e+02, 3.253876342773438e+02, 3.259931030273438e+02, 3.265432434082031e+02, 3.269092407226562e+02, 3.274161071777344e+02, 3.279698181152344e+02, 3.094035949707031e+02, 2.970008850097656e+02, 2.940622863769531e+02, 3.224186401367188e+02, 3.234569702148438e+02, 3.244806823730469e+02, 3.252461242675781e+02, 3.258062438964844e+02, 3.261015014648438e+02, 3.262435913085938e+02, 3.264317016601562e+02, 3.267545471191406e+02, 3.271652221679688e+02, 3.268758544921875e+02, 3.276952209472656e+02, 3.256265258789062e+02, 3.277532653808594e+02, 3.140332641601562e+02, 2.980976257324219e+02, 2.943220825195312e+02, 2.934276733398438e+02, 3.228894958496094e+02, 3.242114562988281e+02, 3.250581665039062e+02, 3.256253356933594e+02, 3.260107727050781e+02, 3.262905883789062e+02, 3.265275268554688e+02, 3.2678076171875e+02, 3.271025695800781e+02, 3.275304565429688e+02, 3.280517272949219e+02, 3.060992431640625e+02, 2.962177429199219e+02, 2.938766174316406e+02, 3.198443908691406e+02, 3.220751037597656e+02, 3.23418212890625e+02, 3.2432275390625e+02, 3.24917724609375e+02, 3.252398071289062e+02, 3.256318359375e+02, 3.254057312011719e+02, 3.258052368164062e+02, 3.279112548828125e+02, 3.050169067382812e+02, 2.959612426757812e+02, 2.9381591796875e+02, 2.933076782226562e+02, 2.931873168945312e+02, 2.931588439941406e+02, 2.93152099609375e+02, 3.161838684082031e+02, 3.191166381835938e+02, 3.207643127441406e+02, 3.223209228515625e+02, 3.238452758789062e+02, 3.253631286621094e+02, 3.26602294921875e+02, 3.276172180175781e+02, 3.116382751464844e+02, 2.975299072265625e+02, 2.941875305175781e+02, 2.933957824707031e+02, 2.932082214355469e+02, 3.177525329589844e+02, 3.193349304199219e+02, 3.201817626953125e+02, 3.213131408691406e+02, 3.224458312988281e+02, 3.233534545898438e+02]
outputs.building.TZone[1]=[2.931499938964844e+02, 2.88066162109375e+02, 2.881966552734375e+02, 2.882318420410156e+02, 2.882159118652344e+02, 2.8817138671875e+02, 2.881202087402344e+02, 2.881022644042969e+02, 2.881501770019531e+02, 2.882247009277344e+02, 2.883089904785156e+02, 2.884042358398438e+02, 2.885242919921875e+02, 2.887449035644531e+02, 2.891389770507812e+02, 2.894945373535156e+02, 2.896721496582031e+02, 2.89951904296875e+02, 2.902030944824219e+02, 2.904528198242188e+02, 2.906236267089844e+02, 2.907933654785156e+02, 2.909991149902344e+02, 2.911909484863281e+02, 2.913001098632812e+02, 2.913719482421875e+02, 2.914562377929688e+02, 2.915096740722656e+02, 2.917165222167969e+02, 2.919530334472656e+02, 2.921842956542969e+02, 2.922014770507812e+02, 2.92012451171875e+02, 2.917050170898438e+02, 2.920016174316406e+02, 2.921197814941406e+02, 2.922027282714844e+02, 2.922435913085938e+02, 2.922221984863281e+02, 2.921364440917969e+02, 2.920853271484375e+02, 2.921414489746094e+02, 2.922044372558594e+02, 2.922477416992188e+02, 2.922646179199219e+02, 2.922645263671875e+02, 2.921945190429688e+02, 2.922881774902344e+02, 2.922184448242188e+02, 2.920142517089844e+02, 2.915743103027344e+02, 2.91736572265625e+02, 2.919192504882812e+02, 2.920568237304688e+02, 2.921580200195312e+02, 2.922319641113281e+02, 2.92290771484375e+02, 2.923416137695312e+02, 2.923907470703125e+02, 2.92446044921875e+02, 2.925203247070312e+02, 2.926124572753906e+02, 2.926511535644531e+02, 2.926076354980469e+02, 2.925362243652344e+02, 2.923758544921875e+02, 2.926831359863281e+02, 2.929608459472656e+02, 2.931359558105469e+02, 2.932939758300781e+02, 2.93433349609375e+02, 2.936902465820312e+02, 2.938614196777344e+02, 2.938840942382812e+02, 2.938021545410156e+02, 2.936572875976562e+02, 2.934255065917969e+02, 2.932619323730469e+02, 2.931667175292969e+02, 2.931089477539062e+02, 2.930812377929688e+02, 2.930410461425781e+02, 2.929584655761719e+02, 2.9291796875e+02, 2.930413513183594e+02, 2.931309814453125e+02, 2.931880798339844e+02, 2.932155151367188e+02, 2.93188720703125e+02, 2.931180725097656e+02, 2.931069946289062e+02, 2.930948181152344e+02, 2.930521850585938e+02, 2.929898986816406e+02, 2.928870239257812e+02, 2.926539001464844e+02, 2.924829406738281e+02, 2.92536376953125e+02, 2.926233215332031e+02, 2.926964111328125e+02, 2.927470397949219e+02]
electricalGrid.PElecGen=[0e+00, 0e+00]
electricalGrid.PElecLoa=[4.080333740234375e+03, 4.083796875e+03, 4.083085205078125e+03, 4.080728515625e+03, 4.07780615234375e+03, 4.073722412109375e+03, 4.07e+03, 4.1068203125e+03, 4.19578759765625e+03, 4.28710107421875e+03, 4.378248046875e+03, 4.46756787109375e+03, 4.5570166015625e+03, 4.64256884765625e+03, 4.7257001953125e+03, 4.59479248046875e+03, 4.7736044921875e+03, 4.8474345703125e+03, 4.9155224609375e+03, 4.97747705078125e+03, 5.0297646484375e+03, 5.1045830078125e+03, 5.14885693359375e+03, 5.2302880859375e+03, 5.25033056640625e+03, 5.32296826171875e+03, 5.37786474609375e+03, 5.416091796875e+03, 5.46545654296875e+03, 5.519001953125e+03, 2.591670274734497e+00, 2.591670274734497e+00, 2.591670274734497e+00, 5.00877001953125e+03, 5.110226562500001e+03, 5.205650390625e+03, 5.277419921875e+03, 5.32980517578125e+03, 5.3552314453125e+03, 5.3656845703125e+03, 5.38030908203125e+03, 5.40708349609375e+03, 5.44253515625e+03, 5.419865234375e+03, 5.4898154296875e+03, 5.28249755859375e+03, 5.4937197265625e+03, 2.591670274734497e+00, 2.591670274734497e+00, 2.591670274734497e+00, 2.591670274734497e+00, 5.04124462890625e+03, 5.16333837890625e+03, 5.24148388671875e+03, 5.29230419921875e+03, 5.32492724609375e+03, 5.347638671875e+03, 5.3663681640625e+03, 5.386646484375e+03, 5.4140810546875e+03, 5.45375146484375e+03, 5.50308447265625e+03, 2.591670274734497e+00, 2.591670274734497e+00, 2.591670274734497e+00, 4.74902978515625e+03, 4.95464697265625e+03, 5.07901220703125e+03, 5.161768066406251e+03, 5.217351074218747e+03, 5.249737304687497e+03, 5.28484130859375e+03, 5.27430224609375e+03, 5.3122197265625e+03, 5.5022548828125e+03, 5.917308330535889e+00, 5.870519638061523e+00, 5.864241600036621e+00, 5.875815868377686e+00, 5.898948192596436e+00, 5.926541805267334e+00, 9.513272643089294e-01, 4.43126318359375e+03, 4.6929775390625e+03, 4.84096826171875e+03, 4.972974609375e+03, 5.10231884765625e+03, 5.2307314453125e+03, 5.3369501953125e+03, 5.42529931640625e+03, 1.159668684005737e+00, 1.189451336860657e+00, 1.255843997001648e+00, 1.370711922645569e+00, 1.551052689552307e+00, 4.49991259765625e+03, 4.65115771484375e+03, 4.72304638671875e+03, 4.819296875e+03, 4.91528515625e+03, 4.99360595703125e+03]
