last-generated=2024-11-08
statistics-initialization=
{
  "nonlinear": "5, 5, 5, 5, 5, 5, 5, 2, 5, 5, 3, 8, 7, 8, 7, 8, 9, 8, 9, 8, 9, 1, 1, 1, 1, 1, 1,   1, 1, 1, 1, 1",
  "numerical Jacobians": "0"
}
statistics-simulation=
{
  "linear": "0, 0, 0, 0, 0, 0, 0, 0, 0, 0, 0, 0, 0, 0, 0, 0, 0, 0, 0, 0, 0, 0, 0, 0, 0, 0, 0,   0, 0, 0, 0, 0, 0, 0, 0, 0, 0, 0, 0, 0, 0, 0, 0, 0, 0, 0, 0, 0, 0, 0, 28, 0, 0,   0, 0, 0, 0, 0, 0, 0, 0, 0, 0, 0, 0, 0, 0, 0, 0, 0, 0, 0, 0, 0, 0, 0, 0, 0, 0,   0, 0, 0, 0, 0, 0, 0, 0, 0, 0, 0, 0, 0, 0, 0, 0, 0, 0, 0, 0, 0, 0, 0, 0, 0, 0,   0, 0, 0, 0, 0, 0, 0, 0, 0, 0, 0, 0, 0, 0, 0, 0, 0, 0, 0, 0, 0, 0, 0, 0, 0, 0,   0, 0, 0, 0, 0, 0, 0, 0, 0, 0, 0, 0, 0, 0, 0, 0, 0, 0, 0, 0, 0, 0, 0, 0, 0, 0,   0, 0, 0, 0, 0, 0, 0, 0, 0, 0, 0, 0, 0, 0, 0, 0, 0, 0, 0, 0, 0, 0, 0, 0, 0, 0,   0, 0, 0, 0, 0, 0, 0, 0, 0, 0, 0, 0, 0, 0, 0, 0, 0, 0, 0, 0, 0, 0, 0, 0, 0, 0,   0, 0, 0, 0, 0, 0, 0, 0, 0, 0, 0, 0, 0, 0",
  "nonlinear": "2, 8, 7, 8, 7, 8, 9, 8, 9, 8, 9, 10, 1, 0, 1, 0, 1, 1, 1, 1, 1, 1, 1, 1, 1, 1, 1,   1",
  "number of continuous time states": "373",
  "numerical Jacobians": "0"
}
time=[0e+00, 1.728e+05]
weaDat.weaBus.TDryBul=[2.711499938964844e+02, 2.711964111328125e+02, 2.711585388183594e+02, 2.710329895019531e+02, 2.708773498535156e+02, 2.706598205566406e+02, 2.704615478515625e+02, 2.704500122070312e+02, 2.704500122070312e+02, 2.704500122070312e+02, 2.704500122070312e+02, 2.704904479980469e+02, 2.706648559570312e+02, 2.708219909667969e+02, 2.709660034179688e+02, 2.710835876464844e+02, 2.710487060546875e+02, 2.710967712402344e+02, 2.713839721679688e+02, 2.715577392578125e+02, 2.713986511230469e+02, 2.713771667480469e+02, 2.716394348144531e+02, 2.718602600097656e+02, 2.719464111328125e+02, 2.720499877929688e+02, 2.722364196777344e+02, 2.724353637695312e+02, 2.725456237792969e+02, 2.726259155273438e+02, 2.730393371582031e+02, 2.736041564941406e+02, 2.736746826171875e+02, 2.736636657714844e+02, 2.736180114746094e+02, 2.735700073242188e+02, 2.735389404296875e+02, 2.735155944824219e+02, 2.7335400390625e+02, 2.731619873046875e+02, 2.729700012207031e+02, 2.727780151367188e+02, 2.72593994140625e+02, 2.724955749511719e+02, 2.724342651367188e+02, 2.723796081542969e+02, 2.723463134765625e+02, 2.723376770019531e+02, 2.723522033691406e+02, 2.724003295898438e+02, 2.724500122070312e+02, 2.724666442871094e+02, 2.724525451660156e+02, 2.724020690917969e+02, 2.722803344726562e+02, 2.720899963378906e+02, 2.718980102539062e+02, 2.717059936523438e+02, 2.715140075683594e+02, 2.713631591796875e+02, 2.713411865234375e+02, 2.713729858398438e+02, 2.714293518066406e+02, 2.714556884765625e+02, 2.714446716308594e+02, 2.714856872558594e+02, 2.716668701171875e+02, 2.717514038085938e+02, 2.716672058105469e+02, 2.716678771972656e+02, 2.71758056640625e+02, 2.718697814941406e+02, 2.7200390625e+02, 2.721656494140625e+02, 2.724968872070312e+02, 2.728500061035156e+02, 2.729950561523438e+02, 2.729598999023438e+02, 2.725846862792969e+02, 2.721623229980469e+02, 2.721732788085938e+02, 2.722332153320312e+02, 2.723517456054688e+02, 2.724693908691406e+02, 2.722129516601562e+02, 2.715361633300781e+02, 2.708384399414062e+02, 2.701152648925781e+02, 2.6966552734375e+02, 2.693913269042969e+02, 2.691483459472656e+02, 2.68912841796875e+02, 2.686530456542969e+02, 2.682867126464844e+02, 2.680051879882812e+02, 2.680009765625e+02, 2.679133911132812e+02, 2.676651611328125e+02, 2.674332275390625e+02, 2.672374267578125e+02, 2.670499877929688e+02]
hydraulic.generation.sigBusGen.TGenOutMea=[2.931499938964844e+02, 3.073508605957031e+02, 3.221209106445312e+02, 3.228432312011719e+02, 3.230111999511719e+02, 3.231925659179688e+02, 3.233838500976562e+02, 3.234082641601562e+02, 3.234003295898438e+02, 3.233963012695312e+02, 3.233945617675781e+02, 3.233646850585938e+02, 3.232105102539062e+02, 3.2305419921875e+02, 3.22918701171875e+02, 3.228658752441406e+02, 3.228761901855469e+02, 3.228822021484375e+02, 3.223692932128906e+02, 3.21891357421875e+02, 3.219693603515625e+02, 3.222242736816406e+02, 3.22290771484375e+02, 3.221029357910156e+02, 3.220008850097656e+02, 3.219089050292969e+02, 3.217424011230469e+02, 3.215716552734375e+02, 3.210588073730469e+02, 3.2177783203125e+02, 3.21172119140625e+02, 3.205160827636719e+02, 3.203857421875e+02, 3.204024658203125e+02, 3.203914489746094e+02, 3.204669494628906e+02, 3.206460876464844e+02, 3.206011962890625e+02, 3.210816040039062e+02, 3.227593078613281e+02, 3.238188171386719e+02, 3.245582580566406e+02, 3.246274719238281e+02, 3.256947937011719e+02, 3.158532104492188e+02, 2.985289611816406e+02, 3.314571228027344e+02, 3.201679992675781e+02, 3.21891845703125e+02, 3.216786499023438e+02, 3.215402221679688e+02, 3.215065612792969e+02, 3.215181274414062e+02, 3.21565185546875e+02, 3.216756286621094e+02, 3.218553771972656e+02, 3.220393676757812e+02, 3.222349243164062e+02, 3.225027160644531e+02, 3.22849609375e+02, 3.232879943847656e+02, 3.238282470703125e+02, 3.2447900390625e+02, 3.252468566894531e+02, 3.261346740722656e+02, 3.254143676757812e+02, 3.007938232421875e+02, 2.949608459472656e+02, 2.935790405273438e+02, 2.932516479492188e+02, 3.218917236328125e+02, 3.222828063964844e+02, 3.23618408203125e+02, 3.261925048828125e+02, 3.009781799316406e+02, 3.251354064941406e+02, 3.097226867675781e+02, 2.970765075683594e+02, 2.940784912109375e+02, 2.933700561523438e+02, 2.932021179199219e+02, 2.93162353515625e+02, 2.931529235839844e+02, 2.931506958007812e+02, 2.931501770019531e+02, 2.931500244140625e+02, 3.23105712890625e+02, 3.26759765625e+02, 3.14240234375e+02, 2.98146728515625e+02, 2.943338623046875e+02, 2.934304809570312e+02, 2.932164611816406e+02, 2.931657409667969e+02, 2.931537170410156e+02, 3.130297546386719e+02, 3.331646118164062e+02, 3.031387939453125e+02, 2.955160217285156e+02, 2.937102966308594e+02, 2.9328271484375e+02]
hydraulic.control.buiMeaBus.TZoneMea[1]=[2.951099853515625e+02, 2.903355712890625e+02, 2.922599182128906e+02, 2.927537841796875e+02, 2.929716186523438e+02, 2.931260375976562e+02, 2.932638854980469e+02, 2.933800964355469e+02, 2.934788818359375e+02, 2.935716552734375e+02, 2.936612854003906e+02, 2.937479248046875e+02, 2.938224792480469e+02, 2.938868408203125e+02, 2.939504089355469e+02, 2.940162353515625e+02, 2.941020812988281e+02, 2.942116088867188e+02, 2.920999755859375e+02, 2.921592102050781e+02, 2.941424865722656e+02, 2.943862915039062e+02, 2.945572814941406e+02, 2.9469091796875e+02, 2.947980346679688e+02, 2.949154357910156e+02, 2.950336608886719e+02, 2.950313720703125e+02, 2.947843017578125e+02, 2.952327880859375e+02, 2.953017578125e+02, 2.952814636230469e+02, 2.95266845703125e+02, 2.952698669433594e+02, 2.95263427734375e+02, 2.952772827148438e+02, 2.963591003417969e+02, 2.962131958007812e+02, 2.959208374023438e+02, 2.945072937011719e+02, 2.956275634765625e+02, 2.957848510742188e+02, 2.95587890625e+02, 2.955326538085938e+02, 2.953669738769531e+02, 2.952984008789062e+02, 2.941819763183594e+02, 2.945721435546875e+02, 2.949534912109375e+02, 2.950672607421875e+02, 2.951170043945312e+02, 2.951505432128906e+02, 2.951732788085938e+02, 2.95188232421875e+02, 2.951982727050781e+02, 2.952059020996094e+02, 2.952099914550781e+02, 2.952104187011719e+02, 2.952101745605469e+02, 2.952103576660156e+02, 2.952107543945312e+02, 2.952112121582031e+02, 2.952114562988281e+02, 2.95211181640625e+02, 2.952102355957031e+02, 2.95211669921875e+02, 2.951956787109375e+02, 2.951749572753906e+02, 2.940905151367188e+02, 2.941046752929688e+02, 2.953388671875e+02, 2.954208068847656e+02, 2.967654113769531e+02, 2.976931762695312e+02, 2.982471313476562e+02, 2.982193298339844e+02, 2.977002868652344e+02, 2.971361694335938e+02, 2.966172790527344e+02, 2.962410888671875e+02, 2.960115966796875e+02, 2.960213623046875e+02, 2.959053039550781e+02, 2.957704772949219e+02, 2.956598815917969e+02, 2.955763549804688e+02, 2.967842712402344e+02, 2.969405822753906e+02, 2.969447631835938e+02, 2.996292724609375e+02, 2.983526306152344e+02, 2.981616821289062e+02, 2.981898193359375e+02, 2.982218017578125e+02, 2.980935974121094e+02, 2.980416564941406e+02, 2.968880004882812e+02, 2.959031066894531e+02, 2.957479248046875e+02, 2.956634216308594e+02, 2.956064453125e+02]
hydraulic.control.buiMeaBus.TZoneMea[10]=[2.951099853515625e+02, 2.906080627441406e+02, 2.921534729003906e+02, 2.926390380859375e+02, 2.929471740722656e+02, 2.9319775390625e+02, 2.934202270507812e+02, 2.93612548828125e+02, 2.9378076171875e+02, 2.939356384277344e+02, 2.940811462402344e+02, 2.942190551757812e+02, 2.943435363769531e+02, 2.944568786621094e+02, 2.945665893554688e+02, 2.942473754882812e+02, 2.9427294921875e+02, 2.938658752441406e+02, 2.931086120605469e+02, 2.9423193359375e+02, 2.928127136230469e+02, 2.938147277832031e+02, 2.944872131347656e+02, 2.946542358398438e+02, 2.94791259765625e+02, 2.94924072265625e+02, 2.950498352050781e+02, 2.950869750976562e+02, 2.949465637207031e+02, 2.953028564453125e+02, 2.960365295410156e+02, 2.960289306640625e+02, 2.959521789550781e+02, 2.958193969726562e+02, 2.95123046875e+02, 2.95121337890625e+02, 2.964190979003906e+02, 2.960447692871094e+02, 2.942282104492188e+02, 2.944250793457031e+02, 2.951642150878906e+02, 2.946199645996094e+02, 2.96328125e+02, 2.958416442871094e+02, 2.950285339355469e+02, 2.9514697265625e+02, 2.951368103027344e+02, 2.950938415527344e+02, 2.951587219238281e+02, 2.951705627441406e+02, 2.951685791015625e+02, 2.951679077148438e+02, 2.951677856445312e+02, 2.95167724609375e+02, 2.951676940917969e+02, 2.951678466796875e+02, 2.951677551269531e+02, 2.951672668457031e+02, 2.951669006347656e+02, 2.951667175292969e+02, 2.951666564941406e+02, 2.951665954589844e+02, 2.951664733886719e+02, 2.95166259765625e+02, 2.951658935546875e+02, 2.948538513183594e+02, 2.9508984375e+02, 2.949515380859375e+02, 2.946762390136719e+02, 2.953462219238281e+02, 2.947287292480469e+02, 2.954542541503906e+02, 2.9575244140625e+02, 2.957777099609375e+02, 2.959104919433594e+02, 2.959762878417969e+02, 2.959544982910156e+02, 2.958988037109375e+02, 2.958179016113281e+02, 2.957354125976562e+02, 2.964536437988281e+02, 2.965304260253906e+02, 2.96556884765625e+02, 2.965646362304688e+02, 2.958099670410156e+02, 2.956953430175781e+02, 2.973736267089844e+02, 2.976279907226562e+02, 2.96059326171875e+02, 2.958615112304688e+02, 2.957659912109375e+02, 2.986961059570312e+02, 2.975404663085938e+02, 2.973956298828125e+02, 2.968442993164062e+02, 2.965948791503906e+02, 2.965410766601562e+02, 2.96507080078125e+02, 2.964858703613281e+02, 2.964725952148438e+02, 2.964653015136719e+02]
electricalGrid.PElecGen=[0e+00, 0e+00]
electricalGrid.PElecLoa=[2.257283447265625e+03, 2.257765380859375e+03, 1.998027465820312e+03, 1.628598999023438e+03, 1.581825439453125e+03, 1.588110473632812e+03, 1.584521484375e+03, 1.545568359375e+03, 1.527971313476562e+03, 1.515412353515625e+03, 1.50562939453125e+03, 1.485848510742188e+03, 1.446703735351562e+03, 1.426229736328125e+03, 1.405802368164062e+03, 1.321089233398438e+03, 1.26204541015625e+03, 1.1554814453125e+03, 1.227652099609375e+03, 1.405516479492188e+03, 1.262824096679688e+03, 1.390556396484375e+03, 1.33515966796875e+03, 1.267603271484375e+03, 1.258275756835938e+03, 1.2356953125e+03, 1.198056518554688e+03, 2.8865048828125e+03, 2.37984814453124e+03, 1.208722290039062e+03, 1.032600341796875e+03, 9.666427612304688e+02, 9.786556396484375e+02, 9.581949462890625e+02, 1.008068054199219e+03, 1.005364013671875e+03, 8.49616455078125e+02, 7.8273193359375e+02, 7.111370849609375e+02, 7.378888549804688e+02, 7.538226318359375e+02, 7.652523803710938e+02, 7.65881103515625e+02, 7.830601196289062e+02, -8.09943518654422e-29, -1.089856070285786e-28, -1.628958317810185e-30, 2.044250732421875e+03, 8.184286499023438e+02, 7.276524658203125e+02, 7.31077392578125e+02, 7.325150756835938e+02, 7.310119018554688e+02, 7.292039184570312e+02, 7.320965576171875e+02, 7.345676879882812e+02, 7.306486206054688e+02, 7.290309448242188e+02, 7.331353759765625e+02, 7.384398803710938e+02, 7.45158203125e+02, 7.534481811523438e+02, 7.634453735351562e+02, 7.752701416015625e+02, 7.892886962890625e+02, -8.356768316063521e-29, -2.153866882941625e-28, -2.638648344093056e-30, -1.513610491488231e-28, -3.172259697636754e-29, 1.140178222656249e+03, 7.289907836914062e+02, 7.510823974609375e+02, -4.837733271035107e-30, -1.656922188656924e-28, 3.078396728515625e+03, -1.536904493795031e-28, -2.256091392529811e-28, -9.417207612008115e-29, -6.119412490403331e-29, -2.38440960471077e-29, -9.503253948951583e-29, -2.803349960891853e-30, -1.458039227390454e-28, -2.43404250456633e-28, -1.415041968695003e-29, 1.089738525390625e+03, 7.989176025390625e+02, -2.365679695260361e-28, -4.770927670128722e-31, -1.968714177175244e-29, -1.364276531754176e-28, -1.757588432841005e-30, -3.039033192807991e-29, -6.31864994315019e-29, 2.316685791015625e+03, 3.43401513671875e+03, -1.152804247923732e-28, -2.840641704789204e-28, -7.075851569351014e-30, -5.46966631989027e-29]
