last-generated=2024-12-05
statistics-initialization=
{
  "nonlinear": "5, 7, 3, 1, 0, 1, 1, 0, 1, 1, 1",
  "numerical Jacobians": "0"
}
statistics-simulation=
{
  "linear": "0, 0, 0, 0, 0, 0, 0",
  "nonlinear": "2, 1, 1, 6, 0, 0, 1, 1, 1, 0, 1, 0, 1, 0, 1, 1, 1",
  "number of continuous time states": "78",
  "numerical Jacobians": "0"
}
time=[0e+00, 1.728e+05]
electrical.distribution.OutputDistr.PEleGen.value=[0e+00, 0e+00, 0e+00, 0e+00, 0e+00, 0e+00, 0e+00, 0e+00, 0e+00, 0e+00, 0e+00, 0e+00, 0e+00, 0e+00, 0e+00, 0e+00, 0e+00, 0e+00, 0e+00, 0e+00, 0e+00, 0e+00, 0e+00, 0e+00, 0e+00, 0e+00, 0e+00, 0e+00, 0e+00, 0e+00, 0e+00, 0e+00, 0e+00, 0e+00, 0e+00, 0e+00, 0e+00, 0e+00, 0e+00, 0e+00, 0e+00, 0e+00, 0e+00, 0e+00, 0e+00, 0e+00, 0e+00, 0e+00, 0e+00, 0e+00, 0e+00, 0e+00, 0e+00, 0e+00, 0e+00, 0e+00, 0e+00, 0e+00, 0e+00, 0e+00, 0e+00, 0e+00, 0e+00, 0e+00, 0e+00, 0e+00, 0e+00, 0e+00, 0e+00, 0e+00, 0e+00, 0e+00, 0e+00, 0e+00, 0e+00, 0e+00, 0e+00, 0e+00, 0e+00, 0e+00, 0e+00, 0e+00, 0e+00, 0e+00, 0e+00, 0e+00, 0e+00, 0e+00, 0e+00, 0e+00, 0e+00, 0e+00, 0e+00, 0e+00, 0e+00, 0e+00, 0e+00, 0e+00, 0e+00, 0e+00, 0e+00]
electrical.distribution.OutputDistr.PEleLoa.value=[2.680521240234375e+03, 3.624978515625e+03, 2.27347578125e+04, 5.19505712890625e+03, 5.1354609375e+03, 5.08663720703125e+03, 5.04446630859375e+03, 5.003220703125e+03, 4.9578232421875e+03, 2.2218771484375e+04, 5.1759619140625e+03, 5.05432861328125e+03, 4.97791845703125e+03, 2.2090166015625e+04, 5.1738486328125e+03, 5.03437109375e+03, 2.31367265625e+04, 5.28125927734375e+03, 5.11331689453125e+03, 4.7976552734375e+03, 4.76043798828125e+03, 4.11137109375e+03, 3.72358154296875e+03, 3.985106201171875e+03, 4.246736328125e+03, 4.24694482421875e+03, 4.30365673828125e+03, 4.177193359375e+03, 4.039061279296875e+03, 4.074544189453125e+03, 4.17371533203125e+03, 4.2535830078125e+03, 4.32410498046875e+03, 4.48395068359375e+03, 4.62185107421875e+03, 4.67661279296875e+03, 4.68973876953125e+03, 4.677861328125e+03, 7.2988935546875e+03, 5.0813173828125e+03, 4.7322783203125e+03, 4.54969580078125e+03, 4.55229345703125e+03, 4.6633310546875e+03, 4.71770458984375e+03, 4.7400732421875e+03, 4.7455546875e+03, 4.73200732421875e+03, 4.7087587890625e+03, 4.67767236328125e+03, 4.65765380859375e+03, 4.98714453125e+03, 4.96643505859375e+03, 4.73602197265625e+03, 4.58559033203125e+03, 4.501887695312499e+03, 4.44564453125e+03, 4.41179638671875e+03, 4.3880263671875e+03, 4.37931591796875e+03, 4.36300146484375e+03, 4.34324951171875e+03, 4.3230224609375e+03, 4.29520751953125e+03, 4.23660302734375e+03, 4.1948359375e+03, 4.173904296875e+03, 4.170712890625e+03, 4.124505859374998e+03, 3.819900390625004e+03, 3.403208984375004e+03, 2.88448681640625e+03, 2.692591064453125e+03, 2.834880126953125e+03, 2.9150146484375e+03, 7.6024541015625e+03, 3.54150146484375e+03, 3.083919189453125e+03, 3.0645078125e+03, 3.0721455078125e+03, 3.016734130859375e+03, 3.092388916015625e+03, 3.219025634765625e+03, 3.30838525390625e+03, 3.351139892578125e+03, 3.37089306640625e+03, 3.415229248046875e+03, 3.48848046875e+03, 3.518677001953125e+03, 3.52291552734375e+03, 3.49263134765625e+03, 3.47099560546875e+03, 3.459434326171875e+03, 3.460059326171875e+03, 3.4587841796875e+03, 3.3469443359375e+03, 3.28432421875e+03, 3.27108837890625e+03, 3.255699462890625e+03, 3.29229150390625e+03, 3.377388671875e+03]
hydraulic.distribution.sigBusDistr.TStoDHWTopMea=[3.231499938964844e+02, 3.334839782714844e+02, 3.332479858398438e+02, 3.330140686035156e+02, 3.327818908691406e+02, 3.325514831542969e+02, 3.323228149414062e+02, 3.320958862304688e+02, 3.318706970214844e+02, 3.316472473144531e+02, 3.314256591796875e+02, 3.312056274414062e+02, 3.309872131347656e+02, 3.307705078125e+02, 3.305555725097656e+02, 3.291495361328125e+02, 3.286946716308594e+02, 3.282139892578125e+02, 3.273964233398438e+02, 3.264781494140625e+02, 3.258775329589844e+02, 3.256630249023438e+02, 3.250540161132812e+02, 3.248431701660156e+02, 3.243860168457031e+02, 3.235781860351562e+02, 3.233735961914062e+02, 3.21935546875e+02, 3.217370910644531e+02, 3.215402526855469e+02, 3.213450317382812e+02, 3.20668701171875e+02, 3.2047802734375e+02, 3.197989501953125e+02, 3.196128845214844e+02, 3.189323425292969e+02, 3.187509460449219e+02, 3.185710754394531e+02, 3.256797485351562e+02, 3.283256530761719e+02, 3.280139770507812e+02, 3.278080139160156e+02, 3.276036376953125e+02, 3.2665234375e+02, 3.264503173828125e+02, 3.224992065429688e+02, 3.217019958496094e+02, 3.215076599121094e+02, 3.213149108886719e+02, 3.211237487792969e+02, 3.209341430664062e+02, 3.335621643066406e+02, 3.333239135742188e+02, 3.330875854492188e+02, 3.328530578613281e+02, 3.32620361328125e+02, 3.323894348144531e+02, 3.321602478027344e+02, 3.319328308105469e+02, 3.317071228027344e+02, 3.31483154296875e+02, 3.312608642578125e+02, 3.31040283203125e+02, 3.308213195800781e+02, 3.306040344238281e+02, 3.287286071777344e+02, 3.282424011230469e+02, 3.277310485839844e+02, 3.268567199707031e+02, 3.258883972167969e+02, 3.2526611328125e+02, 3.250533752441406e+02, 3.2442529296875e+02, 3.24216552734375e+02, 3.237496948242188e+02, 3.309139404296875e+02, 3.334461364746094e+02, 3.329412231445312e+02, 3.327061157226562e+02, 3.324727783203125e+02, 3.322412414550781e+02, 3.319215698242188e+02, 3.316934814453125e+02, 3.313789672851562e+02, 3.311540832519531e+02, 3.308414306640625e+02, 3.306195068359375e+02, 3.303992309570312e+02, 3.300914611816406e+02, 3.296521301269531e+02, 3.29300048828125e+02, 3.290835571289062e+02, 3.288686828613281e+02, 3.273685607910156e+02, 3.271531372070312e+02, 3.212624816894531e+02, 3.202781982421875e+02, 3.200823669433594e+02, 3.198882751464844e+02, 3.196958618164062e+02, 3.19505126953125e+02]
hydraulic.distribution.sigBusDistr.TStoBufTopMea=[2.931499938964844e+02, 3.003630981445312e+02, 3.174276123046875e+02, 3.183457641601562e+02, 3.178017883300781e+02, 3.173695068359375e+02, 3.170087890625e+02, 3.166896057128906e+02, 3.163724365234375e+02, 3.205025024414062e+02, 3.194495239257812e+02, 3.180776977539062e+02, 3.171325073242188e+02, 3.215186767578125e+02, 3.200917663574219e+02, 3.184384765625e+02, 3.204314880371094e+02, 3.215648193359375e+02, 3.196076965332031e+02, 3.182870178222656e+02, 3.220929870605469e+02, 3.202491760253906e+02, 3.192165222167969e+02, 3.186572875976562e+02, 3.184201965332031e+02, 3.184150695800781e+02, 3.185743408203125e+02, 3.185555114746094e+02, 3.180571899414062e+02, 3.176551818847656e+02, 3.174542236328125e+02, 3.173662414550781e+02, 3.173382568359375e+02, 3.173326110839844e+02, 3.1736865234375e+02, 3.1745654296875e+02, 3.1753076171875e+02, 3.175521850585938e+02, 3.134879150390625e+02, 3.157792663574219e+02, 3.1712109375e+02, 3.172041931152344e+02, 3.171974182128906e+02, 3.17323974609375e+02, 3.175016784667969e+02, 3.176240844726562e+02, 3.176979370117188e+02, 3.177235717773438e+02, 3.177182006835938e+02, 3.176829528808594e+02, 3.176359252929688e+02, 3.147565307617188e+02, 3.171092529296875e+02, 3.175321960449219e+02, 3.175260620117188e+02, 3.174009094238281e+02, 3.172552185058594e+02, 3.171327819824219e+02, 3.170375671386719e+02, 3.16979248046875e+02, 3.169368896484375e+02, 3.168958129882812e+02, 3.168538818359375e+02, 3.168080749511719e+02, 3.167310791015625e+02, 3.166452026367188e+02, 3.165879516601562e+02, 3.165643615722656e+02, 3.16646240234375e+02, 3.167343139648438e+02, 3.167355346679688e+02, 3.167041320800781e+02, 3.167227172851562e+02, 3.167311096191406e+02, 3.16588134765625e+02, 3.135988464355469e+02, 3.157131042480469e+02, 3.157184448242188e+02, 3.153754272460938e+02, 3.151495056152344e+02, 3.150430908203125e+02, 3.15014892578125e+02, 3.150713806152344e+02, 3.15175048828125e+02, 3.153035583496094e+02, 3.154456176757812e+02, 3.15617919921875e+02, 3.158488464355469e+02, 3.160674438476562e+02, 3.162411193847656e+02, 3.163421020507812e+02, 3.163977966308594e+02, 3.164478759765625e+02, 3.164923400878906e+02, 3.165324401855469e+02, 3.164248962402344e+02, 3.161953125e+02, 3.160247802734375e+02, 3.158972778320312e+02, 3.158390197753906e+02, 3.159082336425781e+02]
hydraulic.generation.sigBusGen.TGenOutMea=[2.931499938964844e+02, 3.020801696777344e+02, 3.203876037597656e+02, 3.189560852050781e+02, 3.184249572753906e+02, 3.180033874511719e+02, 3.176483764648438e+02, 3.173272094726562e+02, 3.170027465820312e+02, 3.228526916503906e+02, 3.198400268554688e+02, 3.185472412109375e+02, 3.176643371582031e+02, 3.237051696777344e+02, 3.203997192382812e+02, 3.188567504882812e+02, 3.243043518066406e+02, 3.218782348632812e+02, 3.199750671386719e+02, 3.187520141601562e+02, 3.217238159179688e+02, 3.20677978515625e+02, 3.197538146972656e+02, 3.192718200683594e+02, 3.190933837890625e+02, 3.191388244628906e+02, 3.193335571289062e+02, 3.191874694824219e+02, 3.186311950683594e+02, 3.182574462890625e+02, 3.18088623046875e+02, 3.180155029296875e+02, 3.179935913085938e+02, 3.179925537109375e+02, 3.180423278808594e+02, 3.18141845703125e+02, 3.182095031738281e+02, 3.182193298339844e+02, 3.337840270996094e+02, 3.168519592285156e+02, 3.178656311035156e+02, 3.1785986328125e+02, 3.17860595703125e+02, 3.1802392578125e+02, 3.182019348144531e+02, 3.183168334960938e+02, 3.183806457519531e+02, 3.183978271484375e+02, 3.183841857910156e+02, 3.183404846191406e+02, 3.182919616699219e+02, 3.159385375976562e+02, 3.179944458007812e+02, 3.182388610839844e+02, 3.181680603027344e+02, 3.180224304199219e+02, 3.178717346191406e+02, 3.177514343261719e+02, 3.176597900390625e+02, 3.176069946289062e+02, 3.17564208984375e+02, 3.1752099609375e+02, 3.174767456054688e+02, 3.17425537109375e+02, 3.173359680175781e+02, 3.172476501464844e+02, 3.171937255859375e+02, 3.171788635253906e+02, 3.172880859375e+02, 3.173539123535156e+02, 3.172859497070312e+02, 3.171949768066406e+02, 3.171597290039062e+02, 3.171019592285156e+02, 3.16892333984375e+02, 3.397633972167969e+02, 3.162473449707031e+02, 3.159973449707031e+02, 3.156382141113281e+02, 3.154335021972656e+02, 3.153319091796875e+02, 3.152997741699219e+02, 3.153533630371094e+02, 3.154494018554688e+02, 3.155672607421875e+02, 3.157005920410156e+02, 3.158727111816406e+02, 3.161078796386719e+02, 3.163141479492188e+02, 3.164703979492188e+02, 3.165478515625e+02, 3.165903625488281e+02, 3.166311645507812e+02, 3.166705322265625e+02, 3.167032775878906e+02, 3.16555908203125e+02, 3.16326171875e+02, 3.161675720214844e+02, 3.160471496582031e+02, 3.160116577148438e+02, 3.161101989746094e+02]
ventilation.generation.TSup.T=[2.931499938964844e+02, 2.848960571289062e+02, 2.862592163085938e+02, 2.865703125e+02, 2.864187316894531e+02, 2.862821655273438e+02, 2.861514282226562e+02, 2.860045776367188e+02, 2.858636779785156e+02, 2.859289855957031e+02, 2.860859375e+02, 2.859118347167969e+02, 2.858524780273438e+02, 2.860603942871094e+02, 2.862103271484375e+02, 2.861246337890625e+02, 2.861656494140625e+02, 2.868392639160156e+02, 2.86726806640625e+02, 2.86758544921875e+02, 2.875495300292969e+02, 2.877378845214844e+02, 2.879051818847656e+02, 2.88040283203125e+02, 2.881362915039062e+02, 2.883291625976562e+02, 2.884909362792969e+02, 2.88629150390625e+02, 2.888126220703125e+02, 2.889620056152344e+02, 2.890929565429688e+02, 2.892193298339844e+02, 2.892790222167969e+02, 2.893011474609375e+02, 2.892706298828125e+02, 2.892099914550781e+02, 2.891589965820312e+02, 2.891093139648438e+02, 2.889390563964844e+02, 2.889121704101562e+02, 2.891509094238281e+02, 2.892182006835938e+02, 2.892289733886719e+02, 2.891913757324219e+02, 2.891663208007812e+02, 2.891112060546875e+02, 2.8906884765625e+02, 2.890941467285156e+02, 2.891271667480469e+02, 2.891510620117188e+02, 2.891708374023438e+02, 2.888487243652344e+02, 2.891340942382812e+02, 2.892324523925781e+02, 2.892964172363281e+02, 2.893483581542969e+02, 2.893975830078125e+02, 2.894404602050781e+02, 2.894789733886719e+02, 2.8951025390625e+02, 2.895426330566406e+02, 2.895751953125e+02, 2.896074829101562e+02, 2.896653442382812e+02, 2.897755737304688e+02, 2.898790283203125e+02, 2.899724731445312e+02, 2.9005126953125e+02, 2.900795593261719e+02, 2.901837768554688e+02, 2.902924499511719e+02, 2.903699035644531e+02, 2.904156188964844e+02, 2.904141845703125e+02, 2.904099426269531e+02, 2.903625183105469e+02, 2.904335327148438e+02, 2.905337219238281e+02, 2.905748291015625e+02, 2.90607177734375e+02, 2.90653076171875e+02, 2.906833190917969e+02, 2.906746520996094e+02, 2.906533508300781e+02, 2.906248474121094e+02, 2.905917053222656e+02, 2.905416870117188e+02, 2.904736633300781e+02, 2.904285278320312e+02, 2.904026184082031e+02, 2.903925476074219e+02, 2.903858337402344e+02, 2.903736877441406e+02, 2.903495178222656e+02, 2.90329833984375e+02, 2.903550720214844e+02, 2.903818054199219e+02, 2.90414306640625e+02, 2.904432373046875e+02, 2.90438232421875e+02, 2.904091796875e+02]
ventilation.generation.weaBus.TDryBul=[2.713500061035156e+02, 2.714423522949219e+02, 2.713688049316406e+02, 2.711300048828125e+02, 2.708900146484375e+02, 2.706499938964844e+02, 2.704100036621094e+02, 2.701031188964844e+02, 2.696802062988281e+02, 2.693132629394531e+02, 2.689815979003906e+02, 2.687498474121094e+02, 2.687302856445312e+02, 2.684281311035156e+02, 2.677860412597656e+02, 2.674700012207031e+02, 2.672780151367188e+02, 2.670859985351562e+02, 2.668940124511719e+02, 2.667543640136719e+02, 2.674586791992188e+02, 2.682342834472656e+02, 2.686448669433594e+02, 2.692129211425781e+02, 2.700237121582031e+02, 2.708500061035156e+02, 2.716349792480469e+02, 2.723893127441406e+02, 2.729895324707031e+02, 2.733184814453125e+02, 2.734673461914062e+02, 2.735424194335938e+02, 2.735648498535156e+02, 2.73562255859375e+02, 2.734952392578125e+02, 2.733829650878906e+02, 2.733241271972656e+02, 2.733239440917969e+02, 2.734044799804688e+02, 2.735684204101562e+02, 2.736940002441406e+02, 2.737637023925781e+02, 2.737111511230469e+02, 2.734936828613281e+02, 2.733190002441406e+02, 2.73205322265625e+02, 2.731450805664062e+02, 2.731335754394531e+02, 2.7315283203125e+02, 2.732023315429688e+02, 2.7325e+02, 2.732466735839844e+02, 2.732464294433594e+02, 2.733169860839844e+02, 2.734288940429688e+02, 2.735700073242188e+02, 2.737182312011719e+02, 2.738376770019531e+02, 2.739303588867188e+02, 2.739819946289062e+02, 2.740299987792969e+02, 2.740780029296875e+02, 2.741260070800781e+02, 2.741852416992188e+02, 2.742919921875e+02, 2.743815307617188e+02, 2.744320983886719e+02, 2.744386291503906e+02, 2.742976684570312e+02, 2.742652587890625e+02, 2.743667907714844e+02, 2.744607849121094e+02, 2.74489013671875e+02, 2.745615539550781e+02, 2.748076477050781e+02, 2.751499938964844e+02, 2.755416259765625e+02, 2.759237670898438e+02, 2.761777038574219e+02, 2.763310241699219e+02, 2.764301147460938e+02, 2.764605407714844e+02, 2.7639404296875e+02, 2.762903747558594e+02, 2.7616455078125e+02, 2.760198059082031e+02, 2.758236999511719e+02, 2.755619812011719e+02, 2.753553771972656e+02, 2.751993103027344e+02, 2.751300048828125e+02, 2.750820007324219e+02, 2.750339965820312e+02, 2.749859924316406e+02, 2.749522399902344e+02, 2.751499938964844e+02, 2.753774108886719e+02, 2.755320129394531e+02, 2.756587219238281e+02, 2.756750183105469e+02, 2.755499877929688e+02]
building.buiMeaBus.TZoneMea[1]=[2.931499938964844e+02, 2.882635192871094e+02, 2.899927673339844e+02, 2.90428955078125e+02, 2.903000183105469e+02, 2.901893920898438e+02, 2.900859985351562e+02, 2.899789733886719e+02, 2.899091186523438e+02, 2.900924987792969e+02, 2.903603210449219e+02, 2.902015380859375e+02, 2.901326599121094e+02, 2.904787292480469e+02, 2.908153381347656e+02, 2.907886047363281e+02, 2.908928527832031e+02, 2.917753601074219e+02, 2.9168505859375e+02, 2.917601318359375e+02, 2.925766906738281e+02, 2.926146545410156e+02, 2.927210083007812e+02, 2.927469482421875e+02, 2.9266455078125e+02, 2.926993408203125e+02, 2.92705078125e+02, 2.926888122558594e+02, 2.92769287109375e+02, 2.928737182617188e+02, 2.930004272460938e+02, 2.931395568847656e+02, 2.932078247070312e+02, 2.93236083984375e+02, 2.932140502929688e+02, 2.931664428710938e+02, 2.931172790527344e+02, 2.930552062988281e+02, 2.928153076171875e+02, 2.927502746582031e+02, 2.930159606933594e+02, 2.930821228027344e+02, 2.931084594726562e+02, 2.931158752441406e+02, 2.931279296875e+02, 2.930873413085938e+02, 2.930498962402344e+02, 2.930845947265625e+02, 2.931210021972656e+02, 2.931383666992188e+02, 2.93151123046875e+02, 2.927499084472656e+02, 2.931070251464844e+02, 2.932119445800781e+02, 2.932636108398438e+02, 2.932931823730469e+02, 2.933176574707031e+02, 2.933413696289062e+02, 2.933663330078125e+02, 2.933925476074219e+02, 2.934210510253906e+02, 2.934497375488281e+02, 2.934780578613281e+02, 2.935362243652344e+02, 2.936473388671875e+02, 2.937542114257812e+02, 2.938583679199219e+02, 2.939548950195312e+02, 2.940258178710938e+02, 2.941644287109375e+02, 2.942745361328125e+02, 2.943477172851562e+02, 2.943975219726562e+02, 2.943770141601562e+02, 2.943102416992188e+02, 2.941613464355469e+02, 2.941575622558594e+02, 2.9418603515625e+02, 2.941741027832031e+02, 2.941763610839844e+02, 2.942091064453125e+02, 2.942391967773438e+02, 2.942447814941406e+02, 2.942440795898438e+02, 2.942398681640625e+02, 2.942346496582031e+02, 2.942209777832031e+02, 2.942014465332031e+02, 2.941968688964844e+02, 2.942034912109375e+02, 2.94208251953125e+02, 2.942118225097656e+02, 2.942084655761719e+02, 2.941903076171875e+02, 2.941741333007812e+02, 2.941562194824219e+02, 2.941329040527344e+02, 2.941349487304688e+02, 2.941393737792969e+02, 2.941289672851562e+02, 2.941239624023438e+02]
