last-generated=2024-12-17
statistics-initialization=
{
  "linear": "7"
}
statistics-simulation=
{
  "linear": "10, 0, 0",
  "nonlinear": "1, 0, 1, 0, 1, 0, 1",
  "number of continuous time states": "35",
  "numerical Jacobians": "0"
}
time=[0e+00, 1.728e+05]
weaDat.weaBus.TDryBul=[2.713500061035156e+02, 2.714423522949219e+02, 2.713688049316406e+02, 2.711300048828125e+02, 2.708900146484375e+02, 2.706499938964844e+02, 2.704100036621094e+02, 2.701031188964844e+02, 2.696802062988281e+02, 2.693132629394531e+02, 2.689815979003906e+02, 2.687498474121094e+02, 2.687302856445312e+02, 2.684281311035156e+02, 2.677860412597656e+02, 2.674700012207031e+02, 2.672780151367188e+02, 2.670859985351562e+02, 2.668940124511719e+02, 2.667543640136719e+02, 2.674586791992188e+02, 2.682342834472656e+02, 2.686448669433594e+02, 2.692129211425781e+02, 2.700237121582031e+02, 2.708500061035156e+02, 2.716349792480469e+02, 2.723893127441406e+02, 2.729895324707031e+02, 2.733184814453125e+02, 2.734673461914062e+02, 2.735424194335938e+02, 2.735648498535156e+02, 2.73562255859375e+02, 2.734952392578125e+02, 2.733829650878906e+02, 2.733241271972656e+02, 2.733239440917969e+02, 2.734044799804688e+02, 2.735684204101562e+02, 2.736940002441406e+02, 2.737637023925781e+02, 2.737111511230469e+02, 2.734936828613281e+02, 2.733190002441406e+02, 2.73205322265625e+02, 2.731450805664062e+02, 2.731335754394531e+02, 2.7315283203125e+02, 2.732023315429688e+02, 2.7325e+02, 2.732466735839844e+02, 2.732464294433594e+02, 2.733169860839844e+02, 2.734288940429688e+02, 2.735700073242188e+02, 2.737182312011719e+02, 2.738376770019531e+02, 2.739303588867188e+02, 2.739819946289062e+02, 2.740299987792969e+02, 2.740780029296875e+02, 2.741260070800781e+02, 2.741852416992188e+02, 2.742919921875e+02, 2.743815307617188e+02, 2.744320983886719e+02, 2.744386291503906e+02, 2.742976684570312e+02, 2.742652587890625e+02, 2.743667907714844e+02, 2.744607849121094e+02, 2.74489013671875e+02, 2.745615539550781e+02, 2.748076477050781e+02, 2.751499938964844e+02, 2.755416259765625e+02, 2.759237670898438e+02, 2.761777038574219e+02, 2.763310241699219e+02, 2.764301147460938e+02, 2.764605407714844e+02, 2.7639404296875e+02, 2.762903747558594e+02, 2.7616455078125e+02, 2.760198059082031e+02, 2.758236999511719e+02, 2.755619812011719e+02, 2.753553771972656e+02, 2.751993103027344e+02, 2.751300048828125e+02, 2.750820007324219e+02, 2.750339965820312e+02, 2.749859924316406e+02, 2.749522399902344e+02, 2.751499938964844e+02, 2.753774108886719e+02, 2.755320129394531e+02, 2.756587219238281e+02, 2.756750183105469e+02, 2.755499877929688e+02]
outputs.building.TZone[1]=[2.931499938964844e+02, 2.939896240234375e+02, 2.940238037109375e+02, 2.939977111816406e+02, 2.939720764160156e+02, 2.939445190429688e+02, 2.939152221679688e+02, 2.938760070800781e+02, 2.93891357421875e+02, 2.939457092285156e+02, 2.940114135742188e+02, 2.940928649902344e+02, 2.941761779785156e+02, 2.942008361816406e+02, 2.9420166015625e+02, 2.942151794433594e+02, 2.942158203125e+02, 2.942095031738281e+02, 2.942080688476562e+02, 2.942090759277344e+02, 2.942037353515625e+02, 2.942165222167969e+02, 2.941939086914062e+02, 2.941573181152344e+02, 2.941421813964844e+02, 2.941525573730469e+02, 2.941392211914062e+02, 2.94135498046875e+02, 2.941887512207031e+02, 2.941814575195312e+02, 2.941827697753906e+02, 2.941785583496094e+02, 2.941509399414062e+02, 2.941512756347656e+02, 2.941301879882812e+02, 2.941335754394531e+02, 2.941300964355469e+02, 2.941318359375e+02, 2.941532592773438e+02, 2.941555786132812e+02, 2.941560668945312e+02, 2.941554870605469e+02, 2.941498718261719e+02, 2.941461181640625e+02, 2.941403503417969e+02, 2.941337890625e+02, 2.941408386230469e+02, 2.941555786132812e+02, 2.941553955078125e+02, 2.941518249511719e+02, 2.941515502929688e+02, 2.941548767089844e+02, 2.941551208496094e+02, 2.941560363769531e+02, 2.941563720703125e+02, 2.941566467285156e+02, 2.941564331054688e+02, 2.941559143066406e+02, 2.941553649902344e+02, 2.9415478515625e+02, 2.941547241210938e+02, 2.941546325683594e+02, 2.94154541015625e+02, 2.941717529296875e+02, 2.941728820800781e+02, 2.94171142578125e+02, 2.941700134277344e+02, 2.94162109375e+02, 2.941615905761719e+02, 2.941742858886719e+02, 2.941676330566406e+02, 2.941669616699219e+02, 2.941611633300781e+02, 2.941438903808594e+02, 2.941435546875e+02, 2.941473083496094e+02, 2.941449279785156e+02, 2.941450805664062e+02, 2.94155517578125e+02, 2.941562194824219e+02, 2.941613159179688e+02, 2.941572570800781e+02, 2.941483154296875e+02, 2.941490478515625e+02, 2.941466674804688e+02, 2.941472778320312e+02, 2.941415710449219e+02, 2.941412048339844e+02, 2.941473388671875e+02, 2.941481018066406e+02, 2.941504516601562e+02, 2.941507568359375e+02, 2.94147216796875e+02, 2.941455078125e+02, 2.94144775390625e+02, 2.941466369628906e+02, 2.941482849121094e+02, 2.941527709960938e+02, 2.941520080566406e+02, 2.94146728515625e+02, 2.941455078125e+02]
electricalGrid.PElecGen=[0e+00, 0e+00]
electricalGrid.PElecLoa=[1e+03, 1.993257421875e+04, 1.993257421875e+04, 1.993257421875e+04, 1.993257421875e+04, 1.993257421875e+04, 1.993257421875e+04, 1.993257421875e+04, 1.993257421875e+04, 1.993257421875e+04, 1.993257421875e+04, 1.993257421875e+04, 1.976728515625e+04, 1.9307978515625e+04, 1.8566470703125e+04, 1.770905859375e+04, 1.67635546875e+04, 1.58318125e+04, 1.501703515625e+04, 1.4077611328125e+04, 1.3340818359375e+04, 1.23908232421875e+04, 1.160233203125e+04, 1.1289142578125e+04, 1.15160888671875e+04, 1.14682041015625e+04, 1.15964892578125e+04, 1.1790720703125e+04, 1.14308134765625e+04, 1.09406513671875e+04, 1.047623828125e+04, 1.00370732421875e+04, 9.855630859375e+03, 9.8326513671875e+03, 9.967990234375002e+03, 1.022325390625e+04, 1.047506640625e+04, 1.0749533203125e+04, 1.09045771484375e+04, 1.08205546875e+04, 1.07423369140625e+04, 1.06560458984375e+04, 1.0603009765625e+04, 1.06506171875e+04, 1.0715673828125e+04, 1.09508701171875e+04, 1.1160072265625e+04, 1.11005244140625e+04, 1.102065234375e+04, 1.0988197265625e+04, 1.09629990234375e+04, 1.0899890625e+04, 1.08299755859375e+04, 1.074766015625e+04, 1.0657619140625e+04, 1.0563734375e+04, 1.04689130859375e+04, 1.038126171875e+04, 1.03000712890625e+04, 1.02285576171875e+04, 1.0160068359375e+04, 1.0092890625e+04, 1.00270302734375e+04, 9.8823369140625e+03, 9.545259765625e+03, 9.2265185546875e+03, 8.93271875e+03, 8.672904296875e+03, 8.542230468749998e+03, 8.230555664062504e+03, 7.913218261718752e+03, 7.66229638671875e+03, 7.45978173828125e+03, 7.4730078125e+03, 7.63276806640625e+03, 7.68534521484375e+03, 7.75634765625e+03, 7.82344921875e+03, 7.783537109375e+03, 7.70612939453125e+03, 7.56569921875e+03, 7.4387705078125e+03, 7.406470703125e+03, 7.42192041015625e+03, 7.4526767578125e+03, 7.49443408203125e+03, 7.56553662109375e+03, 7.692875e+03, 7.78845947265625e+03, 7.8173115234375e+03, 7.83169580078125e+03, 7.82012353515625e+03, 7.820103515625e+03, 7.88508447265625e+03, 7.951763671875e+03, 8.0156162109375e+03, 8.05800146484375e+03, 8.02256005859375e+03, 7.98697705078125e+03, 8.01713232421875e+03, 8.0742138671875e+03]
