last-generated=2024-06-28
statistics-initialization=
{
  "linear": "0, 0, 0, 0, 0, 0",
  "nonlinear": "5, 7, 1, 2, 1",
  "numerical Jacobians": "0"
}
statistics-simulation=
{
  "linear": "0, 0, 0, 0, 0, 0, 0, 0, 0, 0, 0, 0, 0, 0, 0, 0, 0, 0, 0, 0, 0, 0, 0, 0, 0, 0, 0,   0, 0, 0, 0, 0, 0, 0, 0, 0, 0, 0, 0, 0, 0, 0, 0, 0",
  "nonlinear": "1, 1, 6, 1, 1, 1, 1, 1, 0, 1, 0, 1, 0, 1, 1",
  "number of continuous time states": "104",
  "numerical Jacobians": "0"
}
time=[0e+00, 1.728e+05]
weaDat.weaBus.TDryBul=[2.713500061035156e+02, 2.714423522949219e+02, 2.713688049316406e+02, 2.711300048828125e+02, 2.708900146484375e+02, 2.706499938964844e+02, 2.704100036621094e+02, 2.701031188964844e+02, 2.696802062988281e+02, 2.693132629394531e+02, 2.689815979003906e+02, 2.687498474121094e+02, 2.687302856445312e+02, 2.684281311035156e+02, 2.677860412597656e+02, 2.674700012207031e+02, 2.672780151367188e+02, 2.670859985351562e+02, 2.668940124511719e+02, 2.667543640136719e+02, 2.674586791992188e+02, 2.682342834472656e+02, 2.686448669433594e+02, 2.692129211425781e+02, 2.700237121582031e+02, 2.708500061035156e+02, 2.716349792480469e+02, 2.723893127441406e+02, 2.729895324707031e+02, 2.733184814453125e+02, 2.734673461914062e+02, 2.735424194335938e+02, 2.735648498535156e+02, 2.73562255859375e+02, 2.734952392578125e+02, 2.733829650878906e+02, 2.733241271972656e+02, 2.733239440917969e+02, 2.734044799804688e+02, 2.735684204101562e+02, 2.736940002441406e+02, 2.737637023925781e+02, 2.737111511230469e+02, 2.734936828613281e+02, 2.733190002441406e+02, 2.73205322265625e+02, 2.731450805664062e+02, 2.731335754394531e+02, 2.7315283203125e+02, 2.732023315429688e+02, 2.7325e+02, 2.732466735839844e+02, 2.732464294433594e+02, 2.733169860839844e+02, 2.734288940429688e+02, 2.735700073242188e+02, 2.737182312011719e+02, 2.738376770019531e+02, 2.739303588867188e+02, 2.739819946289062e+02, 2.740299987792969e+02, 2.740780029296875e+02, 2.741260070800781e+02, 2.741852416992188e+02, 2.742919921875e+02, 2.743815307617188e+02, 2.744320983886719e+02, 2.744386291503906e+02, 2.742976684570312e+02, 2.742652587890625e+02, 2.743667907714844e+02, 2.744607849121094e+02, 2.74489013671875e+02, 2.745615539550781e+02, 2.748076477050781e+02, 2.751499938964844e+02, 2.755416259765625e+02, 2.759237670898438e+02, 2.761777038574219e+02, 2.763310241699219e+02, 2.764301147460938e+02, 2.764605407714844e+02, 2.7639404296875e+02, 2.762903747558594e+02, 2.7616455078125e+02, 2.760198059082031e+02, 2.758236999511719e+02, 2.755619812011719e+02, 2.753553771972656e+02, 2.751993103027344e+02, 2.751300048828125e+02, 2.750820007324219e+02, 2.750339965820312e+02, 2.749859924316406e+02, 2.749522399902344e+02, 2.751499938964844e+02, 2.753774108886719e+02, 2.755320129394531e+02, 2.756587219238281e+02, 2.756750183105469e+02, 2.755499877929688e+02]
hydraulic.generation.sigBusGen.TGenOutMea=[2.931499938964844e+02, 3.3491748046875e+02, 3.117025146484375e+02, 3.2003955078125e+02, 3.160661926269531e+02, 3.157991333007812e+02, 3.217900390625e+02, 3.165887756347656e+02, 3.160388488769531e+02, 3.170673522949219e+02, 3.165102233886719e+02, 3.175675964355469e+02, 3.168063354492188e+02, 3.177531433105469e+02, 3.237828063964844e+02, 3.185469360351562e+02, 3.242951965332031e+02, 3.185414733886719e+02, 3.246577758789062e+02, 3.185420532226562e+02, 3.186630554199219e+02, 3.182372741699219e+02, 3.175739135742188e+02, 3.173452758789062e+02, 3.178413696289062e+02, 3.175972595214844e+02, 3.175349731445312e+02, 3.321705627441406e+02, 3.151083374023438e+02, 3.163138427734375e+02, 3.168260498046875e+02, 3.172643127441406e+02, 3.176151428222656e+02, 3.178878784179688e+02, 3.180792541503906e+02, 3.181939392089844e+02, 3.182578125e+02, 3.182676391601562e+02, 3.182093200683594e+02, 3.180656433105469e+02, 3.179201965332031e+02, 3.178294067382812e+02, 3.178373413085938e+02, 3.179975280761719e+02, 3.1812548828125e+02, 3.181871337890625e+02, 3.182210083007812e+02, 3.1825146484375e+02, 3.182840576171875e+02, 3.376649780273438e+02, 3.199752197265625e+02, 3.166868591308594e+02, 3.170969848632812e+02, 3.174357299804688e+02, 3.17718017578125e+02, 3.179611206054688e+02, 3.179478454589844e+02, 3.178291625976562e+02, 3.177041625976562e+02, 3.176226501464844e+02, 3.175683898925781e+02, 3.175231628417969e+02, 3.174789428710938e+02, 3.174295654296875e+02, 3.173485412597656e+02, 3.172584838867188e+02, 3.171904602050781e+02, 3.171649169921875e+02, 3.172599487304688e+02, 3.173358764648438e+02, 3.172858581542969e+02, 3.171900634765625e+02, 3.171340637207031e+02, 3.170663452148438e+02, 3.16865966796875e+02, 3.165504760742188e+02, 3.161707763671875e+02, 3.333964538574219e+02, 3.152683410644531e+02, 3.154954528808594e+02, 3.153814086914062e+02, 3.152578735351562e+02, 3.152570495605469e+02, 3.153377685546875e+02, 3.154583129882812e+02, 3.155991516113281e+02, 3.157791137695312e+02, 3.160216369628906e+02, 3.1623974609375e+02, 3.1640380859375e+02, 3.164905395507812e+02, 3.165419616699219e+02, 3.165845947265625e+02, 3.16626708984375e+02, 3.166628112792969e+02, 3.165299377441406e+02, 3.1630615234375e+02, 3.153948974609375e+02, 3.160557861328125e+02, 3.161543273925781e+02, 3.161622619628906e+02]
outputs.building.TZone[1]=[2.931499938964844e+02, 2.855846252441406e+02, 2.868638305664062e+02, 2.885064392089844e+02, 2.890126037597656e+02, 2.888433532714844e+02, 2.887399291992188e+02, 2.889256896972656e+02, 2.88768310546875e+02, 2.890914611816406e+02, 2.888852844238281e+02, 2.892231750488281e+02, 2.890071716308594e+02, 2.893941040039062e+02, 2.893530883789062e+02, 2.900553894042969e+02, 2.899274291992188e+02, 2.904108581542969e+02, 2.904541015625e+02, 2.907707824707031e+02, 2.910675964355469e+02, 2.910899047851562e+02, 2.911188659667969e+02, 2.911732788085938e+02, 2.911599426269531e+02, 2.911141052246094e+02, 2.910724792480469e+02, 2.910037231445312e+02, 2.906785888671875e+02, 2.909722290039062e+02, 2.911710510253906e+02, 2.913765258789062e+02, 2.915086364746094e+02, 2.915978698730469e+02, 2.916346435546875e+02, 2.916394653320312e+02, 2.916270141601562e+02, 2.91595947265625e+02, 2.915389709472656e+02, 2.914346923828125e+02, 2.913528747558594e+02, 2.913603515625e+02, 2.913662719726562e+02, 2.913625183105469e+02, 2.913729553222656e+02, 2.913475341796875e+02, 2.913220825195312e+02, 2.913506469726562e+02, 2.9138232421875e+02, 2.91242919921875e+02, 2.909131774902344e+02, 2.910637512207031e+02, 2.911532287597656e+02, 2.912467651367188e+02, 2.913337707519531e+02, 2.914149780273438e+02, 2.914812622070312e+02, 2.915093688964844e+02, 2.915206909179688e+02, 2.915293884277344e+02, 2.915433959960938e+02, 2.915610961914062e+02, 2.915799560546875e+02, 2.916724853515625e+02, 2.918880004882812e+02, 2.92064697265625e+02, 2.921498107910156e+02, 2.922250671386719e+02, 2.922747497558594e+02, 2.92404296875e+02, 2.92537841796875e+02, 2.926351013183594e+02, 2.927109680175781e+02, 2.927167053222656e+02, 2.926846618652344e+02, 2.926650085449219e+02, 2.926188049316406e+02, 2.925384826660156e+02, 2.923225708007812e+02, 2.924650573730469e+02, 2.92547607421875e+02, 2.925801086425781e+02, 2.925892028808594e+02, 2.926065368652344e+02, 2.926370849609375e+02, 2.926766662597656e+02, 2.927074279785156e+02, 2.927294006347656e+02, 2.927173767089844e+02, 2.926300659179688e+02, 2.92571533203125e+02, 2.925959167480469e+02, 2.926102294921875e+02, 2.926021728515625e+02, 2.92593994140625e+02, 2.925887756347656e+02, 2.925628051757812e+02, 2.922312622070312e+02, 2.924160766601562e+02, 2.925033874511719e+02, 2.925080871582031e+02]
electricalGrid.PElecGen=[0e+00, 0e+00]
electricalGrid.PElecLoa=[3.8241884765625e+03, 5.42628369140625e+03, 2.1143845703125e+04, 2.0953142578125e+04, 4.5540654296875e+03, 4.52993798828125e+03, 1.9449505859375e+04, 4.5468271484375e+03, 4.4995390625e+03, 4.53605029296875e+03, 4.4914326171875e+03, 4.5352373046875e+03, 4.49462841796875e+03, 4.52903125e+03, 2.0089693359375e+04, 4.52357958984375e+03, 2.0031419921875e+04, 4.50414794921875e+03, 1.9998697265625e+04, 4.48740869140625e+03, 4.52824169921875e+03, 4.5446025390625e+03, 4.5301396484375e+03, 4.5457890625e+03, 4.6099541015625e+03, 4.634318359375e+03, 4.6654404296875e+03, 5.390583984375e+03, 4.589375e+03, 4.6676513671875e+03, 4.7024775390625e+03, 4.73055517578125e+03, 4.751734375e+03, 4.76751806640625e+03, 4.7624970703125e+03, 4.74939990234375e+03, 4.72426123046875e+03, 4.669083984375e+03, 4.55525048828125e+03, 4.39196240234375e+03, 4.3148310546875e+03, 4.30247265625e+03, 4.40898388671875e+03, 4.68762109375e+03, 4.7708740234375e+03, 4.7694931640625e+03, 4.768830078125e+03, 4.7701396484375e+03, 4.77286572265625e+03, 5.6442890625e+03, 1.844215625e+04, 4.68537939453125e+03, 4.70843505859375e+03, 4.73075732421875e+03, 4.75186083984375e+03, 4.772138183593748e+03, 4.459993652343747e+03, 4.236755859375002e+03, 4.134638671875e+03, 4.1188310546875e+03, 4.109677734375e+03, 4.090229248046875e+03, 4.06312109375e+03, 4.0186474609375e+03, 3.9034912109375e+03, 3.806002197265625e+03, 3.76783935546875e+03, 3.770680419921875e+03, 3.898453369140626e+03, 3.894447265625001e+03, 3.740066406250001e+03, 3.62373779296875e+03, 3.59533740234375e+03, 3.552313232421875e+03, 3.3972373046875e+03, 3.205173583984375e+03, 3.028298583984375e+03, 5.67096826171875e+03, 4.028885009765625e+03, 3.339818359375e+03, 2.979287109375e+03, 2.886920166015625e+03, 2.931733154296875e+03, 2.999070068359375e+03, 3.060349365234375e+03, 3.1196142578125e+03, 3.2041982421875e+03, 3.328383056640625e+03, 3.40058544921875e+03, 3.446239501953125e+03, 3.443185546875e+03, 3.43184375e+03, 3.4357998046875e+03, 3.45126318359375e+03, 3.4611083984375e+03, 3.306343017578125e+03, 3.166990234375e+03, 4.70334716796875e+03, 4.019149658203125e+03, 3.427455322265625e+03, 3.289242919921875e+03]
