last-generated=2024-12-09
statistics-initialization=
{
  "linear": "0, 0, 0, 0, 0, 0, 0, 0, 0, 0, 0, 0, 0, 0, 0, 0, 0, 0, 0, 0, 0, 0, 0, 0, 0, 0, 0,   0, 0, 0, 0, 0, 0, 0, 0, 0, 0, 0, 0, 0, 0, 0, 0, 0, 0, 0, 0, 0, 0, 0, 0, 0, 0,   0, 0, 0, 0, 0, 0, 0, 0",
  "nonlinear": "5, 5, 5, 5, 5, 5, 5, 5, 5, 5, 3, 1, 1, 1, 1, 1, 1, 1, 1, 1, 1, 1",
  "numerical Jacobians": "0"
}
statistics-simulation=
{
  "linear": "0, 0, 0, 0, 0, 0, 0, 0, 0, 0, 0, 0, 0, 0, 0, 0, 0, 0, 0, 0, 0, 0, 0, 0, 0, 0, 0,   0, 0, 0, 0, 0, 0, 0, 0, 0, 0, 0, 0, 0, 0, 0, 0, 0, 0, 0, 0, 0, 0, 0, 0, 0, 0,   0, 0, 0, 0, 0, 0, 0, 0",
  "nonlinear": "2, 1, 1, 1, 1, 1, 1, 1, 1, 1, 1, 1, 1, 1",
  "number of continuous time states": "156",
  "numerical Jacobians": "0"
}
time=[0e+00, 1.728e+05]
weaDat.weaBus.TDryBul=[2.7475e+02, 2.742441711425781e+02, 2.738738403320312e+02, 2.736242980957031e+02, 2.735018005371094e+02, 2.735194702148438e+02, 2.735476989746094e+02, 2.735466613769531e+02, 2.735444641113281e+02, 2.735660095214844e+02, 2.735899963378906e+02, 2.73614013671875e+02, 2.736380004882812e+02, 2.736510009765625e+02, 2.736167297363281e+02, 2.73594970703125e+02, 2.735923767089844e+02, 2.736132202148438e+02, 2.73699951171875e+02, 2.737568359375e+02, 2.737701721191406e+02, 2.737420043945312e+02, 2.736940002441406e+02, 2.7364599609375e+02, 2.735979919433594e+02, 2.735499877929688e+02, 2.734784851074219e+02, 2.734042358398438e+02, 2.733780822753906e+02, 2.733943176269531e+02, 2.734411926269531e+02, 2.734923400878906e+02, 2.735180053710938e+02, 2.735419921875e+02, 2.735694885253906e+02, 2.735964050292969e+02, 2.736000061035156e+02, 2.736000061035156e+02, 2.736000061035156e+02, 2.736000061035156e+02, 2.736095886230469e+02, 2.736721496582031e+02, 2.737026062011719e+02, 2.7368896484375e+02, 2.736319885253906e+02, 2.735599975585938e+02, 2.734880065917969e+02, 2.734159851074219e+02, 2.733435974121094e+02, 2.73217529296875e+02, 2.730499877929688e+02, 2.728600769042969e+02, 2.726644592285156e+02, 2.725188598632812e+02, 2.724515380859375e+02, 2.724783325195312e+02, 2.725703430175781e+02, 2.727088317871094e+02, 2.728612060546875e+02, 2.729620971679688e+02, 2.730315246582031e+02, 2.730704650878906e+02, 2.730960388183594e+02, 2.731000061035156e+02, 2.731000061035156e+02, 2.731000061035156e+02, 2.731000061035156e+02, 2.731062622070312e+02, 2.731780395507812e+02, 2.732726745605469e+02, 2.733670043945312e+02, 2.734676513671875e+02, 2.73590087890625e+02, 2.737085876464844e+02, 2.737793579101562e+02, 2.737999877929688e+02, 2.737793579101562e+02, 2.737085876464844e+02, 2.735973815917969e+02, 2.734721984863281e+02, 2.733296813964844e+02, 2.731831665039062e+02, 2.730705261230469e+02, 2.729837951660156e+02, 2.728761596679688e+02, 2.727336120605469e+02, 2.725101013183594e+02, 2.722406005859375e+02, 2.7195361328125e+02, 2.71654296875e+02, 2.713999938964844e+02, 2.711600036621094e+02, 2.709200134277344e+02, 2.706799926757812e+02, 2.704384460449219e+02, 2.701723937988281e+02, 2.699077758789062e+02, 2.696751708984375e+02, 2.694862365722656e+02, 2.693585510253906e+02, 2.692999877929688e+02]
hydraulic.generation.sigBusGen.TGenOutMea=[2.931499938964844e+02, 3.081994323730469e+02, 3.184496765136719e+02, 3.195584411621094e+02, 3.208065490722656e+02, 3.220809631347656e+02, 3.187666015625e+02, 2.992192687988281e+02, 2.945879821777344e+02, 2.934906921386719e+02, 2.93230712890625e+02, 3.183484497070312e+02, 3.196020202636719e+02, 3.208538513183594e+02, 3.220803833007812e+02, 3.15047607421875e+02, 2.983381652832031e+02, 2.943792114257812e+02, 2.934412231445312e+02, 3.176229858398438e+02, 3.173970336914062e+02, 3.176126403808594e+02, 3.180511779785156e+02, 3.180588073730469e+02, 3.180680847167969e+02, 3.180993957519531e+02, 3.181527099609375e+02, 3.200300598144531e+02, 3.183689575195312e+02, 3.186480712890625e+02, 3.185750122070312e+02, 3.186642761230469e+02, 3.188490600585938e+02, 3.190863952636719e+02, 3.188938293457031e+02, 3.187291870117188e+02, 3.195350952148438e+02, 3.209211120605469e+02, 3.207403259277344e+02, 3.212105712890625e+02, 3.20999755859375e+02, 3.204033508300781e+02, 3.195570068359375e+02, 3.197541198730469e+02, 3.201450805664062e+02, 3.205857238769531e+02, 3.324430236816406e+02, 3.186863708496094e+02, 3.186207885742188e+02, 3.185496215820312e+02, 3.184967346191406e+02, 3.186329040527344e+02, 3.188009338378906e+02, 3.18926513671875e+02, 3.1898583984375e+02, 3.189663696289062e+02, 3.188902282714844e+02, 3.187785339355469e+02, 3.186741027832031e+02, 3.1858349609375e+02, 3.185075988769531e+02, 3.184736938476562e+02, 3.184539489746094e+02, 3.184503173828125e+02, 3.184513854980469e+02, 3.190878295898438e+02, 3.207364501953125e+02, 3.197671203613281e+02, 3.184329223632812e+02, 3.179993286132812e+02, 3.175252990722656e+02, 3.177737426757812e+02, 3.181221618652344e+02, 3.180044250488281e+02, 3.179130859375e+02, 3.223051452636719e+02, 3.179903564453125e+02, 3.183576965332031e+02, 3.181490173339844e+02, 3.181610412597656e+02, 3.182842102050781e+02, 3.184026489257812e+02, 3.184963684082031e+02, 3.185625610351562e+02, 3.186018981933594e+02, 3.187383117675781e+02, 3.190780334472656e+02, 3.192348022460938e+02, 3.192816772460938e+02, 3.196453857421875e+02, 3.197551574707031e+02, 3.194018249511719e+02, 3.198380737304688e+02, 3.205125122070312e+02, 3.206456909179688e+02, 3.114934997558594e+02, 3.307682495117188e+02, 3.217018127441406e+02, 3.217215576171875e+02, 3.215650024414062e+02, 3.215538635253906e+02]
hydraulic.control.buiMeaBus.TZoneMea[1]=[2.931499938964844e+02, 2.941050109863281e+02, 2.95388916015625e+02, 2.953711853027344e+02, 2.953388366699219e+02, 2.9530224609375e+02, 2.952680053710938e+02, 2.952117309570312e+02, 2.951464538574219e+02, 2.950705261230469e+02, 2.949731140136719e+02, 2.951205749511719e+02, 2.951895751953125e+02, 2.952122497558594e+02, 2.952197875976562e+02, 2.952193298339844e+02, 2.952703247070312e+02, 2.95255615234375e+02, 2.812137756347656e+02, 2.930889892578125e+02, 2.94998291015625e+02, 2.950917358398438e+02, 2.951730041503906e+02, 2.952018127441406e+02, 2.952062683105469e+02, 2.951981201171875e+02, 2.951869201660156e+02, 2.951787414550781e+02, 2.951186828613281e+02, 2.952050170898438e+02, 2.951850280761719e+02, 2.951792602539062e+02, 2.951789855957031e+02, 2.951810913085938e+02, 2.951763000488281e+02, 2.951605224609375e+02, 2.958790283203125e+02, 2.954834289550781e+02, 2.953100891113281e+02, 2.836629638671875e+02, 2.953443298339844e+02, 2.956114501953125e+02, 2.955532836914062e+02, 2.955793762207031e+02, 2.954734802246094e+02, 2.954574890136719e+02, 2.944248046875e+02, 2.948507080078125e+02, 2.949187927246094e+02, 2.949918212890625e+02, 2.950389709472656e+02, 2.950756530761719e+02, 2.951062927246094e+02, 2.951277770996094e+02, 2.951405639648438e+02, 2.951463623046875e+02, 2.95147216796875e+02, 2.951462707519531e+02, 2.951446228027344e+02, 2.951450500488281e+02, 2.951461486816406e+02, 2.951474914550781e+02, 2.951490783691406e+02, 2.951499328613281e+02, 2.951502380371094e+02, 2.95154052734375e+02, 2.952351989746094e+02, 2.952721862792969e+02, 2.806293945312499e+02, 2.929102783203124e+02, 2.948518676757812e+02, 2.950118408203125e+02, 2.951395568847656e+02, 2.9518603515625e+02, 2.95201416015625e+02, 2.9518896484375e+02, 2.950876159667969e+02, 2.9523974609375e+02, 2.952167663574219e+02, 2.952037048339844e+02, 2.952014465332031e+02, 2.952009887695312e+02, 2.951999206542969e+02, 2.951966247558594e+02, 2.951914672851562e+02, 2.951901245117188e+02, 2.959454345703125e+02, 2.9562353515625e+02, 2.954163818359375e+02, 2.829455261230469e+02, 2.951935119628906e+02, 2.95584716796875e+02, 2.954178161621094e+02, 2.953475646972656e+02, 2.952065124511719e+02, 2.951763305664062e+02, 2.941453857421875e+02, 2.947820129394531e+02, 2.949245300292969e+02, 2.94992919921875e+02, 2.950432434082031e+02]
hydraulic.control.buiMeaBus.TZoneMea[10]=[2.931499938964844e+02, 2.949028015136719e+02, 2.954012756347656e+02, 2.953014831542969e+02, 2.95228271484375e+02, 2.951902160644531e+02, 2.951711730957031e+02, 2.951544494628906e+02, 2.951382141113281e+02, 2.951195373535156e+02, 2.950958862304688e+02, 2.951438903808594e+02, 2.951610412597656e+02, 2.951627807617188e+02, 2.951622619628906e+02, 2.949006958007812e+02, 2.951149291992188e+02, 2.949035339355469e+02, 2.944056396484375e+02, 2.952928161621094e+02, 2.821666870117188e+02, 2.947520446777344e+02, 2.953962707519531e+02, 2.954839477539062e+02, 2.954970092773438e+02, 2.954763488769531e+02, 2.954372863769531e+02, 2.953865966796875e+02, 2.952867736816406e+02, 2.953174743652344e+02, 2.955182189941406e+02, 2.953805236816406e+02, 2.95281494140625e+02, 2.952203979492188e+02, 2.94918701171875e+02, 2.950376586914062e+02, 2.959119873046875e+02, 2.956026916503906e+02, 2.941440734863281e+02, 2.945660095214844e+02, 2.952643737792969e+02, 2.827998962402344e+02, 2.953417053222656e+02, 2.9593798828125e+02, 2.954721374511719e+02, 2.954769287109375e+02, 2.953877563476562e+02, 2.952811889648438e+02, 2.952372741699219e+02, 2.952060241699219e+02, 2.951846313476562e+02, 2.95173583984375e+02, 2.951683349609375e+02, 2.951643981933594e+02, 2.951605834960938e+02, 2.951567077636719e+02, 2.951528930664062e+02, 2.951498107910156e+02, 2.951474914550781e+02, 2.951465454101562e+02, 2.951461486816406e+02, 2.95146240234375e+02, 2.951466979980469e+02, 2.9514697265625e+02, 2.951471557617188e+02, 2.948785400390625e+02, 2.9506689453125e+02, 2.947825927734375e+02, 2.941544189453125e+02, 2.951517944335938e+02, 2.818366699218751e+02, 2.944020385742188e+02, 2.950931396484375e+02, 2.952184753417969e+02, 2.952766418457031e+02, 2.95290771484375e+02, 2.952221984863281e+02, 2.953783264160156e+02, 2.95363525390625e+02, 2.953495178222656e+02, 2.956788330078125e+02, 2.956062622070312e+02, 2.955017700195312e+02, 2.953975830078125e+02, 2.9502099609375e+02, 2.950655517578125e+02, 2.958355102539062e+02, 2.954777221679688e+02, 2.939450378417969e+02, 2.943657836914062e+02, 2.951040344238281e+02, 2.813345336914062e+02, 2.94875244140625e+02, 2.957218933105469e+02, 2.953616638183594e+02, 2.95416015625e+02, 2.953533935546875e+02, 2.953580627441406e+02, 2.953629150390625e+02, 2.953038024902344e+02, 2.952589416503906e+02]
electricalGrid.PElecGen=[0e+00, 0e+00]
electricalGrid.PElecLoa=[2.12050537109375e+03, 2.116151611328125e+03, 7.094727783203125e+02, 6.394546508789062e+02, 6.574930419921875e+02, 6.7589990234375e+02, -3.682283923842363e-28, -3.682283923842363e-28, -3.682283923842363e-28, -3.682283923842363e-28, -3.682283923842363e-28, 6.931585693359375e+02, 6.400628662109375e+02, 6.580128173828125e+02, 6.757906494140625e+02, -2.535731750074722e-27, -2.535731750074722e-27, -2.535731750074722e-27, -2.535731750074722e-27, 1.190956298828125e+03, 6.949396362304688e+02, 8.73591796875e+02, 7.53576416015625e+02, 7.1278955078125e+02, 7.03871826171875e+02, 6.965052490234375e+02, 6.92305419921875e+02, 2.64607763671875e+03, 1.331382934570306e+03, 6.57875244140625e+02, 6.256184692382812e+02, 6.268305053710938e+02, 6.294015502929688e+02, 6.327052001953125e+02, 6.298716430664062e+02, 6.275182495117188e+02, 6.391951293945312e+02, 6.590844116210938e+02, 6.561079711914062e+02, 6.634603271484375e+02, 6.603649291992188e+02, 6.509285888671875e+02, 6.387407836914062e+02, 6.419061889648438e+02, 6.474946899414062e+02, 6.540645751953125e+02, 3.2627412109375e+03, 6.272247314453125e+02, 6.2637646484375e+02, 6.255569458007812e+02, 6.322500610351562e+02, 6.544033813476562e+02, 6.599661254882812e+02, 6.5831201171875e+02, 6.523719482421875e+02, 6.434215087890624e+02, 6.357830810546875e+02, 6.289901123046875e+02, 6.274874877929688e+02, 6.261915893554688e+02, 6.262438354492188e+02, 6.29461181640625e+02, 6.305174560546875e+02, 6.326373901367188e+02, 6.335418701171875e+02, 6.335319213867188e+02, 6.569805297851562e+02, 6.426842651367188e+02, 6.528850708007874e+02, 9.172538452148494e+02, 7.727841186523434e+02, 9.630179443359375e+02, 8.500501098632812e+02, 8.011626586914062e+02, 7.975048828125e+02, 2.761440673828125e+03, 1.494897583007812e+03, 8.118161010742188e+02, 7.892162475585938e+02, 8.050675048828125e+02, 7.883338012695312e+02, 7.76455810546875e+02, 7.611270141601562e+02, 7.492694091796875e+02, 7.88242431640625e+02, 7.933065185546875e+02, 6.630199584960938e+02, 6.355392456054688e+02, 7.63989990234375e+02, 7.508312377929688e+02, 8.426203002929688e+02, 8.444949951171875e+02, 1.101165161132812e+03, 8.266932373046875e+02, 7.971380615234375e+02, 2.1389189453125e+03, 3.12831103515625e+03, 1.298153076171875e+03, 8.728251342773438e+02, 8.682860717773438e+02, 8.705428466796875e+02]
