last-generated=2025-12-09
statistics-initialization=
{
  "nonlinear": "5, 7, 1, 1, 1, 1, 0, 1, 1, 0, 1, 1, 0, 1, 1, 1",
  "numerical Jacobians": "0"
}
statistics-simulation=
{
  "linear": "0, 0, 0, 0, 0, 0, 0",
  "nonlinear": "1, 1, 1, 1, 1, 1, 1, 6, 1, 1, 1, 0, 1, 0, 1, 0, 1, 1, 1",
  "number of continuous time states": "71",
  "numerical Jacobians": "0"
}
time=[0e+00, 1.728e+05]
electrical.distribution.OutputDistr.PEleGen.value=[0e+00, 0e+00, 0e+00, 0e+00, 0e+00, 0e+00, 0e+00, 0e+00, 0e+00, 0e+00, 0e+00, 0e+00, 0e+00, 0e+00, 0e+00, 0e+00, 0e+00, 0e+00, 0e+00, 0e+00, 0e+00, 0e+00, 0e+00, 0e+00, 0e+00, 0e+00, 0e+00, 0e+00, 0e+00, 0e+00, 0e+00, 0e+00, 0e+00, 0e+00, 0e+00, 0e+00, 0e+00, 0e+00, 0e+00, 0e+00, 0e+00, 0e+00, 0e+00, 0e+00, 0e+00, 0e+00, 0e+00, 0e+00, 0e+00, 0e+00, 0e+00, 0e+00, 0e+00, 0e+00, 0e+00, 0e+00, 0e+00, 0e+00, 0e+00, 0e+00, 0e+00, 0e+00, 0e+00, 0e+00, 0e+00, 0e+00, 0e+00, 0e+00, 0e+00, 0e+00, 0e+00, 0e+00, 0e+00, 0e+00, 0e+00, 0e+00, 0e+00, 0e+00, 0e+00, 0e+00, 0e+00, 0e+00, 0e+00, 0e+00, 0e+00, 0e+00, 0e+00, 0e+00, 0e+00, 0e+00, 0e+00, 0e+00, 0e+00, 0e+00, 0e+00, 0e+00, 0e+00, 0e+00, 0e+00, 0e+00, 0e+00]
electrical.distribution.OutputDistr.PEleLoa.value=[1.941091430664062e+03, 2.54612451171875e+03, 1.54217265625e+04, 3.265720947265625e+03, 3.592534423828125e+03, 3.5367353515625e+03, 3.492337646484375e+03, 1.5026916015625e+04, 3.47337060546875e+03, 3.557463623046875e+03, 3.470968994140625e+03, 1.4810513671875e+04, 3.6458701171875e+03, 3.519575439453125e+03, 1.55384189453125e+04, 1.4836990234375e+04, 3.628623779296875e+03, 3.503763427734375e+03, 1.48282392578125e+04, 3.439038330078125e+03, 3.09014599609375e+03, 2.43585791015625e+03, 1.35707470703125e+04, 2.406073486328125e+03, 2.730367919921875e+03, 2.675685302734375e+03, 2.685191162109375e+03, 2.85495361328125e+03, 2.818138916015625e+03, 2.85372900390625e+03, 2.9425947265625e+03, 3.025596923828125e+03, 3.100974365234375e+03, 3.262958251953125e+03, 3.39104052734375e+03, 3.43103515625e+03, 3.4453173828125e+03, 3.44162890625e+03, 3.4143193359375e+03, 3.362312744140625e+03, 3.334239990234375e+03, 3.326521484375e+03, 3.358258056640625e+03, 3.597762939453125e+03, 3.279730712890625e+03, 2.98246826171875e+03, 3.4541865234375e+03, 3.54066650390625e+03, 3.518584228515625e+03, 3.485028564453125e+03, 3.465968994140625e+03, 3.471697509765625e+03, 3.4718837890625e+03, 3.444275390625e+03, 3.407351806640625e+03, 3.36630224609375e+03, 3.32837109375e+03, 3.303392822265625e+03, 3.286529296875e+03, 3.28087548828125e+03, 3.27147265625e+03, 3.25979443359375e+03, 3.24751318359375e+03, 3.230213134765625e+03, 5.529375e+03, 1.476512890625e+04, 3.104949462890625e+03, 3.165982421875e+03, 3.095570312499998e+03, 2.801828613281254e+03, 2.433434326171878e+03, 1.962611450195312e+03, 1.817148071289062e+03, 2.02057373046875e+03, 2.17111181640625e+03, 2.230972412109375e+03, 2.28081884765625e+03, 2.336999267578125e+03, 2.42076025390625e+03, 2.427741943359375e+03, 2.37597705078125e+03, 2.464573974609375e+03, 2.60006787109375e+03, 2.7014609375e+03, 2.757996337890625e+03, 2.789678466796875e+03, 2.83646240234375e+03, 2.900799560546875e+03, 2.939244140625e+03, 2.96159326171875e+03, 2.95966259765625e+03, 2.960480712890625e+03, 2.96693310546875e+03, 3.568905029296875e+03, 3.3127099609375e+03, 2.766597412109375e+03, 2.869774169921875e+03, 2.84886181640625e+03, 2.817326171875e+03, 2.825396728515625e+03, 2.874594482421875e+03]
hydraulic.distribution.sigBusDistr.TStoDHWTopMea=[3.231499938964844e+02, 3.333649291992188e+02, 3.33153564453125e+02, 3.329437866210938e+02, 3.327353820800781e+02, 3.325284423828125e+02, 3.323228759765625e+02, 3.321187438964844e+02, 3.319161376953125e+02, 3.317148132324219e+02, 3.315148620605469e+02, 3.313163146972656e+02, 3.311191711425781e+02, 3.309232788085938e+02, 3.307286987304688e+02, 3.294203796386719e+02, 3.290588073730469e+02, 3.2868212890625e+02, 3.280756225585938e+02, 3.274023742675781e+02, 3.269459838867188e+02, 3.267539978027344e+02, 3.262911987304688e+02, 3.261018371582031e+02, 3.257437133789062e+02, 3.251395874023438e+02, 3.249541320800781e+02, 3.239034423828125e+02, 3.237213439941406e+02, 3.2354052734375e+02, 3.233609924316406e+02, 3.228388671875e+02, 3.226623229980469e+02, 3.221349792480469e+02, 3.219614562988281e+02, 3.214295349121094e+02, 3.212591247558594e+02, 3.210899047851562e+02, 3.205597534179688e+02, 3.196372680664062e+02, 3.190773620605469e+02, 3.189163818359375e+02, 3.187566223144531e+02, 3.15371826171875e+02, 3.28385009765625e+02, 3.265923461914062e+02, 3.261554565429688e+02, 3.259737243652344e+02, 3.257932434082031e+02, 3.256139831542969e+02, 3.254359436035156e+02, 3.252590637207031e+02, 3.250834045410156e+02, 3.24908935546875e+02, 3.247356262207031e+02, 3.245634460449219e+02, 3.243924560546875e+02, 3.242225646972656e+02, 3.240538024902344e+02, 3.238861694335938e+02, 3.237196350097656e+02, 3.235542297363281e+02, 3.233898620605469e+02, 3.232266235351562e+02, 3.305578308105469e+02, 3.313568115234375e+02, 3.309305114746094e+02, 3.304900817871094e+02, 3.297731628417969e+02, 3.289938354492188e+02, 3.2848046875e+02, 3.282769470214844e+02, 3.277598571777344e+02, 3.275593566894531e+02, 3.271651306152344e+02, 3.264935607910156e+02, 3.262978820800781e+02, 3.251355895996094e+02, 3.24944091796875e+02, 3.247539672851562e+02, 3.245652160644531e+02, 3.239985046386719e+02, 3.238131408691406e+02, 3.232430725097656e+02, 3.230610961914062e+02, 3.2248828125e+02, 3.223097839355469e+02, 3.22132568359375e+02, 3.21563720703125e+02, 3.205747375488281e+02, 3.199791870117188e+02, 3.19811279296875e+02, 3.196446533203125e+02, 3.154455871582031e+02, 3.283936462402344e+02, 3.265557250976562e+02, 3.261143188476562e+02, 3.259325256347656e+02, 3.25751953125e+02, 3.255726318359375e+02, 3.253945007324219e+02]
hydraulic.distribution.sigBusDistr.TStoBufTopMea=[2.931499938964844e+02, 2.994652709960938e+02, 3.153889770507812e+02, 3.187370910644531e+02, 3.17213623046875e+02, 3.164133911132812e+02, 3.157976684570312e+02, 3.17854736328125e+02, 3.194048461914062e+02, 3.176350708007812e+02, 3.162864990234375e+02, 3.204617919921875e+02, 3.196112976074219e+02, 3.175269165039062e+02, 3.18060302734375e+02, 3.226840515136719e+02, 3.200557250976562e+02, 3.178194885253906e+02, 3.2152783203125e+02, 3.22304931640625e+02, 3.195278625488281e+02, 3.178196716308594e+02, 3.192144165039062e+02, 3.197489624023438e+02, 3.184950256347656e+02, 3.177156372070312e+02, 3.173354187011719e+02, 3.172083435058594e+02, 3.168954772949219e+02, 3.165643310546875e+02, 3.163690185546875e+02, 3.162733764648438e+02, 3.162395935058594e+02, 3.162307434082031e+02, 3.162603759765625e+02, 3.163368225097656e+02, 3.164048767089844e+02, 3.164273376464844e+02, 3.163904113769531e+02, 3.162811584472656e+02, 3.161593017578125e+02, 3.160743408203125e+02, 3.160655517578125e+02, 3.130157165527344e+02, 3.107832336425781e+02, 3.163290100097656e+02, 3.161457214355469e+02, 3.163927001953125e+02, 3.165234985351562e+02, 3.165383605957031e+02, 3.165041198730469e+02, 3.164854431152344e+02, 3.164883117675781e+02, 3.164559020996094e+02, 3.163797607421875e+02, 3.162721557617188e+02, 3.16146484375e+02, 3.160330505371094e+02, 3.159407043457031e+02, 3.158813781738281e+02, 3.15838623046875e+02, 3.157989807128906e+02, 3.1575927734375e+02, 3.1571630859375e+02, 3.103607177734375e+02, 3.161310424804688e+02, 3.152919616699219e+02, 3.153804016113281e+02, 3.155274963378906e+02, 3.156361999511719e+02, 3.15616943359375e+02, 3.155437316894531e+02, 3.154993591308594e+02, 3.154570617675781e+02, 3.153106384277344e+02, 3.150513305664062e+02, 3.147351989746094e+02, 3.143932189941406e+02, 3.141206665039062e+02, 3.139461059570312e+02, 3.138406677246094e+02, 3.137892456054688e+02, 3.138127136230469e+02, 3.138861694335938e+02, 3.139873046875e+02, 3.141052551269531e+02, 3.142519836425781e+02, 3.144544067382812e+02, 3.146525573730469e+02, 3.148113403320312e+02, 3.149073486328125e+02, 3.149587097167969e+02, 3.150002136230469e+02, 3.125672302246094e+02, 3.10904541015625e+02, 3.1462255859375e+02, 3.146078796386719e+02, 3.145840148925781e+02, 3.145121765136719e+02, 3.144632263183594e+02, 3.145137634277344e+02]
hydraulic.generation.sigBusGen.TGenOutMea=[2.931499938964844e+02, 3.024489135742188e+02, 3.206252136230469e+02, 3.189305114746094e+02, 3.188060607910156e+02, 3.180404357910156e+02, 3.174439697265625e+02, 3.226367492675781e+02, 3.203885498046875e+02, 3.19020751953125e+02, 3.17745849609375e+02, 3.243826293945312e+02, 3.208176574707031e+02, 3.1884130859375e+02, 3.243111877441406e+02, 3.263913879394531e+02, 3.211362609863281e+02, 3.19084228515625e+02, 3.252914123535156e+02, 3.2278564453125e+02, 3.207289123535156e+02, 3.192199401855469e+02, 3.240512084960938e+02, 3.211202087402344e+02, 3.20027587890625e+02, 3.193849792480469e+02, 3.191039733886719e+02, 3.190474548339844e+02, 3.186001586914062e+02, 3.18261962890625e+02, 3.180944213867188e+02, 3.18016357421875e+02, 3.179920349121094e+02, 3.1799072265625e+02, 3.180413818359375e+02, 3.181405029296875e+02, 3.182065734863281e+02, 3.182164001464844e+02, 3.181546630859375e+02, 3.180132751464844e+02, 3.178861083984375e+02, 3.178102416992188e+02, 3.17837646484375e+02, 3.177701110839844e+02, 3.132198181152344e+02, 3.174562377929688e+02, 3.179739074707031e+02, 3.182733459472656e+02, 3.183622131347656e+02, 3.183414306640625e+02, 3.182944030761719e+02, 3.182857666015625e+02, 3.182887878417969e+02, 3.182354125976562e+02, 3.181369323730469e+02, 3.180083618164062e+02, 3.178682861328125e+02, 3.177511596679688e+02, 3.176597290039062e+02, 3.176065368652344e+02, 3.1756298828125e+02, 3.175195922851562e+02, 3.174754638671875e+02, 3.174239807128906e+02, 3.380552978515625e+02, 3.206840515136719e+02, 3.169523010253906e+02, 3.171012573242188e+02, 3.172740783691406e+02, 3.173490600585938e+02, 3.172770080566406e+02, 3.171815795898438e+02, 3.171408081054688e+02, 3.170794982910156e+02, 3.168741149902344e+02, 3.165628051757812e+02, 3.162011413574219e+02, 3.15835205078125e+02, 3.1557666015625e+02, 3.154221496582031e+02, 3.153282165527344e+02, 3.152930297851562e+02, 3.153442077636719e+02, 3.154382934570312e+02, 3.155553588867188e+02, 3.156888732910156e+02, 3.158627319335938e+02, 3.160993347167969e+02, 3.163034973144531e+02, 3.164584655761719e+02, 3.165355529785156e+02, 3.165796813964844e+02, 3.166215515136719e+02, 3.17175048828125e+02, 3.135101623535156e+02, 3.1615283203125e+02, 3.161825866699219e+02, 3.161439819335938e+02, 3.160520935058594e+02, 3.160216674804688e+02, 3.161175231933594e+02]
ventilation.generation.TSup.T=[2.931499938964844e+02, 2.846028442382812e+02, 2.855331726074219e+02, 2.858787231445312e+02, 2.856316833496094e+02, 2.8545361328125e+02, 2.852887573242188e+02, 2.851318664550781e+02, 2.853850402832031e+02, 2.85096435546875e+02, 2.849075317382812e+02, 2.850698547363281e+02, 2.851835327148438e+02, 2.849974365234375e+02, 2.8484521484375e+02, 2.853470153808594e+02, 2.854170227050781e+02, 2.853547058105469e+02, 2.8562744140625e+02, 2.860901489257812e+02, 2.861246337890625e+02, 2.86361328125e+02, 2.865569763183594e+02, 2.870375061035156e+02, 2.870021667480469e+02, 2.871170349121094e+02, 2.8721728515625e+02, 2.873165283203125e+02, 2.875066528320312e+02, 2.876539611816406e+02, 2.877718811035156e+02, 2.878797607421875e+02, 2.879219970703125e+02, 2.8792822265625e+02, 2.878839111328125e+02, 2.878106079101562e+02, 2.87746826171875e+02, 2.876858520507812e+02, 2.876667175292969e+02, 2.877078552246094e+02, 2.877392272949219e+02, 2.877632751464844e+02, 2.877577209472656e+02, 2.876395874023438e+02, 2.871562805175781e+02, 2.876256713867188e+02, 2.874794311523438e+02, 2.875043029785156e+02, 2.875365600585938e+02, 2.875525817871094e+02, 2.875612487792969e+02, 2.875700378417969e+02, 2.875835876464844e+02, 2.876137084960938e+02, 2.87651123046875e+02, 2.876931762695312e+02, 2.877352600097656e+02, 2.877701721191406e+02, 2.877996215820312e+02, 2.878207702636719e+02, 2.878424377441406e+02, 2.878644714355469e+02, 2.878864440917969e+02, 2.879328308105469e+02, 2.877965393066406e+02, 2.879474182128906e+02, 2.881752319335938e+02, 2.882463073730469e+02, 2.882649536132812e+02, 2.883563232421875e+02, 2.884738464355469e+02, 2.885677795410156e+02, 2.886355895996094e+02, 2.886543884277344e+02, 2.886677551269531e+02, 2.887174682617188e+02, 2.88765869140625e+02, 2.888091735839844e+02, 2.88851806640625e+02, 2.888885803222656e+02, 2.889381408691406e+02, 2.889744567871094e+02, 2.889732971191406e+02, 2.88958740234375e+02, 2.88939697265625e+02, 2.889176635742188e+02, 2.888777770996094e+02, 2.888141174316406e+02, 2.887707214355469e+02, 2.887489624023438e+02, 2.887456665039062e+02, 2.887489318847656e+02, 2.887472229003906e+02, 2.886898803710938e+02, 2.882988586425781e+02, 2.88720703125e+02, 2.887322387695312e+02, 2.887760925292969e+02, 2.888103942871094e+02, 2.888034362792969e+02, 2.887666931152344e+02]
ventilation.generation.weaBus.TDryBul=[2.713500061035156e+02, 2.714423522949219e+02, 2.713688049316406e+02, 2.711300048828125e+02, 2.708900146484375e+02, 2.706499938964844e+02, 2.704100036621094e+02, 2.701031188964844e+02, 2.696802062988281e+02, 2.693132629394531e+02, 2.689815979003906e+02, 2.687498474121094e+02, 2.687302856445312e+02, 2.684281311035156e+02, 2.677860412597656e+02, 2.674700012207031e+02, 2.672780151367188e+02, 2.670859985351562e+02, 2.668940124511719e+02, 2.667543640136719e+02, 2.674586791992188e+02, 2.682342834472656e+02, 2.686448669433594e+02, 2.692129211425781e+02, 2.700237121582031e+02, 2.708500061035156e+02, 2.716349792480469e+02, 2.723893127441406e+02, 2.729895324707031e+02, 2.733184814453125e+02, 2.734673461914062e+02, 2.735424194335938e+02, 2.735648498535156e+02, 2.73562255859375e+02, 2.734952392578125e+02, 2.733829650878906e+02, 2.733241271972656e+02, 2.733239440917969e+02, 2.734044799804688e+02, 2.735684204101562e+02, 2.736940002441406e+02, 2.737637023925781e+02, 2.737111511230469e+02, 2.734936828613281e+02, 2.733190002441406e+02, 2.73205322265625e+02, 2.731450805664062e+02, 2.731335754394531e+02, 2.7315283203125e+02, 2.732023315429688e+02, 2.7325e+02, 2.732466735839844e+02, 2.732464294433594e+02, 2.733169860839844e+02, 2.734288940429688e+02, 2.735700073242188e+02, 2.737182312011719e+02, 2.738376770019531e+02, 2.739303588867188e+02, 2.739819946289062e+02, 2.740299987792969e+02, 2.740780029296875e+02, 2.741260070800781e+02, 2.741852416992188e+02, 2.742919921875e+02, 2.743815307617188e+02, 2.744320983886719e+02, 2.744386291503906e+02, 2.742976684570312e+02, 2.742652587890625e+02, 2.743667907714844e+02, 2.744607849121094e+02, 2.74489013671875e+02, 2.745615539550781e+02, 2.748076477050781e+02, 2.751499938964844e+02, 2.755416259765625e+02, 2.759237670898438e+02, 2.761777038574219e+02, 2.763310241699219e+02, 2.764301147460938e+02, 2.764605407714844e+02, 2.7639404296875e+02, 2.762903747558594e+02, 2.7616455078125e+02, 2.760198059082031e+02, 2.758236999511719e+02, 2.755619812011719e+02, 2.753553771972656e+02, 2.751993103027344e+02, 2.751300048828125e+02, 2.750820007324219e+02, 2.750339965820312e+02, 2.749859924316406e+02, 2.749522399902344e+02, 2.751499938964844e+02, 2.753774108886719e+02, 2.755320129394531e+02, 2.756587219238281e+02, 2.756750183105469e+02, 2.755499877929688e+02]
building.buiMeaBus.TZoneMea[1]=[2.931499938964844e+02, 2.878949890136719e+02, 2.890796203613281e+02, 2.895670776367188e+02, 2.893159484863281e+02, 2.891535034179688e+02, 2.890075378417969e+02, 2.888911437988281e+02, 2.893095397949219e+02, 2.890410461425781e+02, 2.888881225585938e+02, 2.891528930664062e+02, 2.892948913574219e+02, 2.891393432617188e+02, 2.891112060546875e+02, 2.898198547363281e+02, 2.899512023925781e+02, 2.899217834472656e+02, 2.903159484863281e+02, 2.909247436523438e+02, 2.907913513183594e+02, 2.9089404296875e+02, 2.910382995605469e+02, 2.914911193847656e+02, 2.912461853027344e+02, 2.9118359375e+02, 2.911126098632812e+02, 2.910481262207031e+02, 2.9113671875e+02, 2.912384948730469e+02, 2.913487854003906e+02, 2.914648132324219e+02, 2.915113830566406e+02, 2.91519775390625e+02, 2.914806213378906e+02, 2.914171447753906e+02, 2.913520202636719e+02, 2.912758483886719e+02, 2.912323913574219e+02, 2.912427978515625e+02, 2.912506408691406e+02, 2.912632751464844e+02, 2.912692565917969e+02, 2.911715087890625e+02, 2.906166381835938e+02, 2.912303771972656e+02, 2.9106298828125e+02, 2.910972595214844e+02, 2.911326599121094e+02, 2.911401977539062e+02, 2.911390686035156e+02, 2.911510009765625e+02, 2.911680297851562e+02, 2.911880493164062e+02, 2.912068481445312e+02, 2.9122412109375e+02, 2.912396545410156e+02, 2.9125341796875e+02, 2.912670593261719e+02, 2.912805786132812e+02, 2.91295654296875e+02, 2.913111877441406e+02, 2.9132666015625e+02, 2.91370361328125e+02, 2.911675720214844e+02, 2.913448181152344e+02, 2.916115417480469e+02, 2.916986083984375e+02, 2.9175732421875e+02, 2.918799743652344e+02, 2.920012817382812e+02, 2.920951232910156e+02, 2.921726379394531e+02, 2.921774597167969e+02, 2.921326904296875e+02, 2.921092834472656e+02, 2.920717468261719e+02, 2.920303344726562e+02, 2.920203552246094e+02, 2.920281066894531e+02, 2.920654907226562e+02, 2.921031799316406e+02, 2.921181335449219e+02, 2.921258850097656e+02, 2.92133544921875e+02, 2.921421813964844e+02, 2.921411743164062e+02, 2.921270751953125e+02, 2.921246032714844e+02, 2.921364440917969e+02, 2.921497192382812e+02, 2.92165771484375e+02, 2.921754760742188e+02, 2.921123962402344e+02, 2.916374206542969e+02, 2.921121826171875e+02, 2.92071044921875e+02, 2.920872497558594e+02, 2.920983581542969e+02, 2.9208544921875e+02, 2.9207080078125e+02]
