last-generated=2024-12-31
statistics-initialization=
{
  "nonlinear": "1, 1, 0, 1, 0, 1, 0, 1, 0, 1, 1, 1, 1",
  "numerical Jacobians": "0"
}
statistics-simulation=
{
  "linear": " ",
  "nonlinear": "1, 1, 1, 1, 1, 1, 1, 1, 1",
  "number of continuous time states": "10",
  "numerical Jacobians": "0"
}
time=[0e+00, 3.6e+03]
pumDPConst.m_flow_nominal=[1e+00, 1e+00]
pumDPConst.port_a.m_flow=[1.40624979394488e-06, 1.40624979394488e-06, 1.40624979394488e-06, 1.40624979394488e-06, 1.40624979394488e-06, 1.40624979394488e-06, 1.40624979394488e-06, 1.40624979394488e-06, 1.40624979394488e-06, 1.40624979394488e-06, 1.40624979394488e-06, 1.40624979394488e-06, 1.40624979394488e-06, 1.40624979394488e-06, 1.40624979394488e-06, 1.40624979394488e-06, 1.40624979394488e-06, 1.40624979394488e-06, 1.40624979394488e-06, 1.40624979394488e-06, 1.40624979394488e-06, 1.40624979394488e-06, 1.40624979394488e-06, 1.40624979394488e-06, 1.40624979394488e-06, 1.40624979394488e-06, 5.920113064348698e-03, 3.314038366079339e-02, 6.061859428882608e-02, 8.858146518468857e-02, 1.165258809924126e-01, 1.44376739859581e-01, 1.721118986606598e-01, 1.997101604938507e-01, 2.271382510662079e-01, 2.543395757675171e-01, 2.812199592590332e-01, 3.076974451541901e-01, 3.338233828544617e-01, 3.595923185348511e-01, 3.849839568138123e-01, 4.099797904491425e-01, 4.345631003379822e-01, 4.587189853191376e-01, 4.824343919754028e-01, 5.05698025226593e-01, 5.285003185272217e-01, 5.508334040641785e-01, 5.72691023349762e-01, 5.940685868263245e-01, 6.149628758430481e-01, 6.353721022605896e-01, 6.552958488464355e-01, 6.747347712516785e-01, 6.936909556388856e-01, 7.121672034263612e-01, 7.301675081253053e-01, 7.476966977119446e-01, 7.647602558135986e-01, 7.813645005226135e-01, 7.975162863731384e-01, 8.132231831550598e-01, 8.284929394721985e-01, 8.43333899974823e-01, 8.577548265457153e-01, 8.717644810676575e-01, 8.853721022605896e-01, 8.985870480537415e-01, 9.11418616771698e-01, 9.238764643669128e-01, 9.359700679779053e-01, 9.477090239524841e-01, 9.591028690338135e-01, 9.701610803604126e-01, 9.808931350708008e-01, 9.913082122802734e-01, 9.981884956359863e-01, 9.997298121452332e-01, 9.999644756317139e-01, 9.999955892562866e-01, 9.999995827674866e-01, 9.999997615814209e-01, 9.999999403953552e-01, 1e+00, 1e+00, 1e+00, 1e+00, 1e+00, 1e+00, 1e+00, 1e+00, 1e+00, 1e+00, 1e+00, 1e+00, 1e+00, 1e+00, 1e+00, 1e+00, 1e+00, 1e+00]
pumDPVar.port_a.m_flow=[7.031254654066288e-07, 7.031254654066288e-07, 7.031254654066288e-07, 7.031254654066288e-07, 7.031254654066288e-07, 7.031254654066288e-07, 7.031254654066288e-07, 7.031254654066288e-07, 7.031254654066288e-07, 7.031254654066288e-07, 7.031254654066288e-07, 7.031254654066288e-07, 7.031254654066288e-07, 7.031254654066288e-07, 7.031254654066288e-07, 7.031254654066288e-07, 7.031254654066288e-07, 7.031254654066288e-07, 7.031254654066288e-07, 7.031254654066288e-07, 7.031254654066288e-07, 7.031254654066288e-07, 7.031254654066288e-07, 7.031254654066288e-07, 7.031254654066288e-07, 7.031254654066288e-07, 3.01078986376524e-03, 2.372085489332682e-02, 4.38282266259194e-02, 6.470140814781189e-02, 8.597332984209061e-02, 1.07579194009304e-01, 1.294901520013809e-01, 1.516779512166977e-01, 1.741099655628204e-01, 1.967499703168869e-01, 2.195598781108856e-01, 2.425017058849335e-01, 2.655397653579712e-01, 2.886432111263275e-01, 3.117880523204803e-01, 3.349499702453613e-01, 3.580994307994843e-01, 3.812072575092316e-01, 4.042450487613678e-01, 4.271854758262634e-01, 4.50002133846283e-01, 4.72669929265976e-01, 4.951650202274323e-01, 5.174649357795715e-01, 5.395486354827881e-01, 5.61396598815918e-01, 5.829906463623047e-01, 6.043142676353455e-01, 6.253523230552674e-01, 6.46091401576996e-01, 6.665192246437074e-01, 6.866251826286316e-01, 7.064000368118286e-01, 7.258358597755432e-01, 7.449259161949158e-01, 7.636647820472717e-01, 7.82048225402832e-01, 8.000730276107788e-01, 8.177371025085449e-01, 8.350391387939453e-01, 8.519789576530457e-01, 8.685569763183594e-01, 8.847745060920715e-01, 9.006335139274597e-01, 9.161365032196045e-01, 9.312866926193237e-01, 9.460877180099487e-01, 9.60543692111969e-01, 9.746591448783875e-01, 9.884389042854309e-01, 9.975858330726624e-01, 9.996397495269775e-01, 9.999526739120483e-01, 9.99994158744812e-01, 9.99999463558197e-01, 9.999997019767761e-01, 9.999998807907104e-01, 9.999999403953552e-01, 1e+00, 1e+00, 1e+00, 1e+00, 1e+00, 1e+00, 1e+00, 1e+00, 1e+00, 1e+00, 1e+00, 1e+00, 1e+00, 1e+00, 1e+00, 1e+00, 1e+00]
pumDPTotal.port_a.m_flow=[1.603124587745697e-06, 1.603124587745697e-06, 1.603124587745697e-06, 1.603124587745697e-06, 1.603124587745697e-06, 1.603124587745697e-06, 1.603124587745697e-06, 1.603124587745697e-06, 1.603124587745697e-06, 1.603124587745697e-06, 1.603124587745697e-06, 1.603124587745697e-06, 1.603124587745697e-06, 1.603124587745697e-06, 1.603124587745697e-06, 1.603124587745697e-06, 1.603124587745697e-06, 1.603124587745697e-06, 1.603124587745697e-06, 1.603124587745697e-06, 1.603124587745697e-06, 1.603124587745697e-06, 1.603124587745697e-06, 1.603124587745697e-06, 1.603124587745697e-06, 1.603124587745697e-06, 6.708829663693905e-03, 3.533826768398294e-02, 6.45635649561883e-02, 9.42203477025032e-02, 1.2375308573246e-01, 1.530593782663345e-01, 1.820937991142273e-01, 2.108181416988373e-01, 2.391962110996246e-01, 2.671960890293121e-01, 2.947930097579956e-01, 3.219703733921051e-01, 3.487105071544647e-01, 3.749947249889374e-01, 4.008063971996307e-01, 4.261308908462524e-01, 4.509555399417877e-01, 4.752696752548218e-01, 4.99064564704895e-01, 5.223332643508911e-01, 5.450706481933594e-01, 5.672732591629028e-01, 5.889393091201782e-01, 6.100683808326721e-01, 6.306615471839905e-01, 6.507212519645691e-01, 6.702510118484497e-01, 6.892554759979248e-01, 7.077403068542482e-01, 7.257121205329896e-01, 7.431781888008119e-01, 7.601466774940491e-01, 7.766261100769043e-01, 7.926257848739624e-01, 8.081552982330322e-01, 8.232247233390808e-01, 8.378443121910095e-01, 8.520246148109436e-01, 8.657764792442322e-01, 8.791106343269348e-01, 8.92038106918335e-01, 9.045698046684265e-01, 9.167166352272034e-01, 9.28489625453949e-01, 9.398995041847229e-01, 9.509569406509399e-01, 9.616726040840149e-01, 9.720569252967834e-01, 9.821200370788574e-01, 9.918720722198486e-01, 9.983067512512207e-01, 9.997474551200867e-01, 9.999668002128601e-01, 9.999958872795105e-01, 9.999996423721313e-01, 9.999997615814209e-01, 9.999999403953552e-01, 1e+00, 1e+00, 1e+00, 1e+00, 1e+00, 1e+00, 1e+00, 1e+00, 1e+00, 1e+00, 1e+00, 1e+00, 1e+00, 1e+00, 1e+00, 1e+00, 1e+00, 1e+00]
pumDPVarOnOff.port_a.m_flow=[1.333334694209043e-06, 1.333334694209043e-06, 1.333334694209043e-06, 1.333334694209043e-06, 1.333334694209043e-06, 1.333334694209043e-06, 1.333334694209043e-06, 1.333334694209043e-06, 1.333334694209043e-06, 1.412169441388425e-22, 1.412169441388425e-22, 1.412169441388425e-22, 1.412169441388425e-22, 1.412169441388425e-22, 1.412169441388425e-22, 1.412169441388425e-22, 1.412169441388425e-22, 1.333334694209043e-06, 1.333334694209043e-06, 1.333334694209043e-06, 1.333334694209043e-06, 1.333334694209043e-06, 1.333334694209043e-06, 1.333334694209043e-06, 1.333334694209043e-06, 1.333334694209043e-06, -8.381592844342971e-23, -7.610768454858928e-23, -5.344641180132904e-23, -2.635696302591942e-23, -6.156665723658292e-24, -1.218582430933164e-24, -1.822389362127133e-25, -1.532979068197206e-26, 1.734529584646225e-01, 1.961350739002228e-01, 2.190642654895782e-01, 2.421884834766388e-01, 2.654210031032562e-01, 2.886358499526978e-01, 3.117880523204803e-01, 3.349499702453613e-01, 0e+00, 0e+00, 0e+00, 0e+00, 0e+00, 0e+00, 0e+00, 0e+00, 0e+00, 5.61396598815918e-01, 5.829906463623047e-01, 6.043142676353455e-01, 6.253523230552674e-01, 6.46091401576996e-01, 6.665192246437074e-01, 6.866251826286316e-01, 7.064000368118286e-01, -1.887587684862369e-36, -1.821688003622262e-44, -0e+00, -0e+00, -0e+00, -0e+00, -0e+00, -0e+00, 8.685569763183594e-01, 8.847745060920715e-01, 9.006335139274597e-01, 9.161365032196045e-01, 9.312866926193237e-01, 9.460877180099487e-01, 9.60543692111969e-01, 9.746591448783875e-01, 9.884389042854309e-01, 0e+00, 0e+00, 0e+00, 0e+00, 0e+00, 0e+00, 0e+00, 0e+00, 1e+00, 1e+00, 1e+00, 1e+00, 1e+00, 1e+00, 1e+00, 1e+00, 9.263696713310363e-37, 0e+00, 0e+00, 0e+00, 0e+00, 0e+00, 0e+00, 0e+00, 0e+00]
pumSpeed.speedControlled_y.m_flow=[7.599996365570405e-07, 7.599996365570405e-07, 7.599996365570405e-07, 7.599996365570405e-07, 7.599996365570405e-07, 7.599996365570405e-07, 7.599996365570405e-07, 7.599996365570405e-07, 7.599996365570405e-07, 7.599996365570405e-07, 7.599996365570405e-07, 7.599996365570405e-07, 7.599996365570405e-07, 7.599996365570405e-07, 7.599996365570405e-07, 7.599996365570405e-07, 7.599996365570405e-07, 7.599996365570405e-07, 7.599996365570405e-07, 7.599996365570405e-07, 7.599996365570405e-07, 7.599996365570405e-07, 7.599996365570405e-07, 7.599996365570405e-07, 7.599996365570405e-07, 7.599996365570405e-07, 3.335291985422373e-03, 1.90428607165814e-02, 3.603588417172437e-02, 5.442195758223534e-02, 7.39203467965126e-02, 9.44899246096611e-02, 1.161202564835548e-01, 1.38802096247673e-01, 1.6252101957798e-01, 1.872538328170776e-01, 2.12962880730629e-01, 2.395842224359512e-01, 2.670046389102936e-01, 2.950529158115387e-01, 3.237214088439941e-01, 3.530623018741608e-01, 3.830303549766541e-01, 4.135795533657074e-01, 4.446640312671661e-01, 4.762383103370667e-01, 5.082576870918274e-01, 5.406783223152161e-01, 5.734578371047974e-01, 6.065550446510315e-01, 6.399306654930115e-01, 6.735469102859497e-01, 7.073681950569153e-01, 7.413607835769653e-01, 7.754930257797243e-01, 8.097353577613833e-01, 8.440603017807009e-01, 8.78442645072937e-01, 9.128590226173401e-01, 9.472881555557251e-01, 9.817106127738953e-01, 1.016108989715576e+00, 1.050467491149902e+00, 1.084772109985352e+00, 1.119010210037231e+00, 1.153170824050903e+00, 1.187244296073914e+00, 1.221222162246704e+00, 1.255097389221191e+00, 1.28886353969574e+00, 1.322515726089478e+00, 1.356049537658691e+00, 1.389461398124695e+00, 1.422748804092407e+00, 1.455909490585327e+00, 1.48894214630127e+00, 1.497717976570129e+00, 1.499678611755371e+00, 1.499976992607117e+00, 1.500016570091248e+00, 1.500021696090698e+00, 1.500021815299988e+00, 1.500022053718567e+00, 1.500022172927856e+00, 1.500022172927856e+00, 1.500022172927856e+00, 1.500022172927856e+00, 1.500022172927856e+00, 1.500022172927856e+00, 1.500022172927856e+00, 1.500022172927856e+00, 1.500022172927856e+00, 1.500022172927856e+00, 1.500022172927856e+00, 1.500022172927856e+00, 1.500022172927856e+00, 1.500022172927856e+00, 1.500022172927856e+00, 1.500022172927856e+00, 1.500022172927856e+00, 1.500022172927856e+00]
pumDPConst.P=[7.158360909670591e-03, 7.158360909670591e-03, 7.158360909670591e-03, 7.158360909670591e-03, 7.158360909670591e-03, 7.158360909670591e-03, 7.158360909670591e-03, 7.158360909670591e-03, 7.158360909670591e-03, 7.158360909670591e-03, 7.158360909670591e-03, 7.158360909670591e-03, 7.158360909670591e-03, 7.158360909670591e-03, 7.158360909670591e-03, 7.158360909670591e-03, 7.158360909670591e-03, 7.158360909670591e-03, 7.158360909670591e-03, 7.158360909670591e-03, 7.158360909670591e-03, 7.158360909670591e-03, 7.158360909670591e-03, 7.158360909670591e-03, 7.158360909670591e-03, 7.158360909670591e-03, 5.946360015869141e+01, 7.140867614746095e+01, 7.556224060058595e+01, 8.000483703613281e+01, 8.484354400634766e+01, 9.024114990234375e+01, 9.608237457275391e+01, 1.022294845581055e+02, 1.086336517333984e+02, 1.151680068969727e+02, 1.218153381347656e+02, 1.285279846191406e+02, 1.350647888183594e+02, 1.415702362060547e+02, 1.479180755615234e+02, 1.539628753662109e+02, 1.595767211914062e+02, 1.646036834716797e+02, 1.688330230712891e+02, 1.724440002441406e+02, 1.755733795166016e+02, 1.783516845703125e+02, 1.808773498535156e+02, 1.832072906494141e+02, 1.853835144042969e+02, 1.87442138671875e+02, 1.894178161621094e+02, 1.913436889648438e+02, 1.931891937255859e+02, 1.949607238769531e+02, 1.966936187744141e+02, 1.984176483154297e+02, 2.001575469970703e+02, 2.019334411621094e+02, 2.0376123046875e+02, 2.055811004638672e+02, 2.073421783447266e+02, 2.090497741699219e+02, 2.107085113525391e+02, 2.123224334716797e+02, 2.138950347900391e+02, 2.154293670654297e+02, 2.169280548095703e+02, 2.183933868408203e+02, 2.198273162841797e+02, 2.212315216064453e+02, 2.226074523925781e+02, 2.239563598632812e+02, 2.252793426513672e+02, 2.265772857666016e+02, 2.274427795410156e+02, 2.276375732421875e+02, 2.276672668457031e+02, 2.276712036132812e+02, 2.276717071533203e+02, 2.276717376708984e+02, 2.276717529296875e+02, 2.276717681884766e+02, 2.276717681884766e+02, 2.276717681884766e+02, 2.276717681884766e+02, 2.276717681884766e+02, 2.276717681884766e+02, 2.276717681884766e+02, 2.276717681884766e+02, 2.276717681884766e+02, 2.276717681884766e+02, 2.276717681884766e+02, 2.276717681884766e+02, 2.276717681884766e+02, 2.276717681884766e+02, 2.276717681884766e+02, 2.276717681884766e+02, 2.276717681884766e+02, 2.276717681884766e+02]
pumDPVar.P=[1.771604525856674e-03, 1.771604525856674e-03, 1.771604525856674e-03, 1.771604525856674e-03, 1.771604525856674e-03, 1.771604525856674e-03, 1.771604525856674e-03, 1.771604525856674e-03, 1.771604525856674e-03, 1.771604525856674e-03, 1.771604525856674e-03, 1.771604525856674e-03, 1.771604525856674e-03, 1.771604525856674e-03, 1.771604525856674e-03, 1.771604525856674e-03, 1.771604525856674e-03, 1.771604525856674e-03, 1.771604525856674e-03, 1.771604525856674e-03, 1.771604525856674e-03, 1.771604525856674e-03, 1.771604525856674e-03, 1.771604525856674e-03, 1.771604525856674e-03, 1.771604525856674e-03, 1.516621685028076e+01, 5.843279647827148e+01, 5.935409927368165e+01, 6.095124053955078e+01, 6.301271438598633e+01, 6.535215759277344e+01, 6.785955047607422e+01, 7.041800689697266e+01, 7.292536163330078e+01, 7.553600311279297e+01, 7.838387298583984e+01, 8.159458160400391e+01, 8.522759246826172e+01, 8.934403991699219e+01, 9.386199951171875e+01, 9.866122436523438e+01, 1.036630783081055e+02, 1.087715072631836e+02, 1.138582305908203e+02, 1.187895126342773e+02, 1.23440185546875e+02, 1.277642364501953e+02, 1.317568969726562e+02, 1.355537414550781e+02, 1.392226104736328e+02, 1.427817077636719e+02, 1.462481079101562e+02, 1.496373901367188e+02, 1.529630737304688e+02, 1.562362213134766e+02, 1.594651336669922e+02, 1.626510772705078e+02, 1.65703125e+02, 1.686324920654297e+02, 1.715108642578125e+02, 1.743748474121094e+02, 1.772680816650391e+02, 1.802642364501953e+02, 1.834358520507812e+02, 1.8685546875e+02, 1.9059716796875e+02, 1.945455017089844e+02, 1.984547119140625e+02, 2.023221435546875e+02, 2.06147216796875e+02, 2.099293060302734e+02, 2.136677856445312e+02, 2.17362060546875e+02, 2.210115203857422e+02, 2.246156005859375e+02, 2.270311126708984e+02, 2.275760803222656e+02, 2.276591949462891e+02, 2.276702117919922e+02, 2.276716156005859e+02, 2.276716766357422e+02, 2.276717376708984e+02, 2.276717529296875e+02, 2.276717681884766e+02, 2.276717681884766e+02, 2.276717681884766e+02, 2.276717681884766e+02, 2.276717681884766e+02, 2.276717681884766e+02, 2.276717681884766e+02, 2.276717681884766e+02, 2.276717681884766e+02, 2.276717681884766e+02, 2.276717681884766e+02, 2.276717681884766e+02, 2.276717681884766e+02, 2.276717681884766e+02, 2.276717681884766e+02, 2.276717681884766e+02, 2.276717681884766e+02]
pumDPTotal.P=[9.340354241430759e-03, 9.340354241430759e-03, 9.340354241430759e-03, 9.340354241430759e-03, 9.340354241430759e-03, 9.340354241430759e-03, 9.340354241430759e-03, 9.340354241430759e-03, 9.340354241430759e-03, 9.340354241430759e-03, 9.340354241430759e-03, 9.340354241430759e-03, 9.340354241430759e-03, 9.340354241430759e-03, 9.340354241430759e-03, 9.340354241430759e-03, 9.340354241430759e-03, 9.340354241430759e-03, 9.340354241430759e-03, 9.340354241430759e-03, 9.340354241430759e-03, 9.340354241430759e-03, 9.340354241430759e-03, 9.340354241430759e-03, 9.340354241430759e-03, 9.340354241430759e-03, 7.127106475830078e+01, 7.590590667724611e+01, 8.105865478515626e+01, 8.684841156005859e+01, 9.330323791503906e+01, 1.001617126464844e+02, 1.073023681640625e+02, 1.145731582641602e+02, 1.217677230834961e+02, 1.286534271240234e+02, 1.352865447998047e+02, 1.421146240234375e+02, 1.489659118652344e+02, 1.5564111328125e+02, 1.619555358886719e+02, 1.675393524169922e+02, 1.723935699462891e+02, 1.768314514160156e+02, 1.810292510986328e+02, 1.850232238769531e+02, 1.887377166748047e+02, 1.921283111572266e+02, 1.9501171875e+02, 1.974183959960938e+02, 1.994404754638672e+02, 2.011594390869141e+02, 2.026467437744141e+02, 2.039645080566406e+02, 2.051661682128906e+02, 2.062972869873047e+02, 2.073962249755859e+02, 2.08494873046875e+02, 2.096193237304688e+02, 2.107905578613281e+02, 2.120248107910156e+02, 2.132595825195312e+02, 2.144423980712891e+02, 2.155792388916016e+02, 2.166753234863281e+02, 2.177351379394531e+02, 2.187625427246094e+02, 2.197608642578125e+02, 2.2073291015625e+02, 2.216811065673828e+02, 2.226074981689453e+02, 2.235137939453125e+02, 2.244014892578125e+02, 2.252717742919922e+02, 2.261257019042969e+02, 2.269641265869141e+02, 2.275236511230469e+02, 2.27649658203125e+02, 2.276688537597656e+02, 2.276714019775391e+02, 2.276717376708984e+02, 2.276717529296875e+02, 2.276717529296875e+02, 2.276717681884766e+02, 2.276717681884766e+02, 2.276717681884766e+02, 2.276717681884766e+02, 2.276717681884766e+02, 2.276717681884766e+02, 2.276717681884766e+02, 2.276717681884766e+02, 2.276717681884766e+02, 2.276717681884766e+02, 2.276717681884766e+02, 2.276717681884766e+02, 2.276717681884766e+02, 2.276717681884766e+02, 2.276717681884766e+02, 2.276717681884766e+02, 2.276717681884766e+02, 2.276717681884766e+02]
pumDPVarOnOff.P=[3.369682235643268e-03, 3.369682235643268e-03, 3.369682235643268e-03, 3.369682235643268e-03, 3.369682235643268e-03, 3.369682235643268e-03, 3.369682235643268e-03, 3.369682235643268e-03, 3.369682235643268e-03, 0e+00, 0e+00, 0e+00, 0e+00, 0e+00, 0e+00, 0e+00, 0e+00, 3.369682235643268e-03, 3.369682235643268e-03, 3.369682235643268e-03, 3.369682235643268e-03, 3.369682235643268e-03, 3.369682235643268e-03, 3.369682235643268e-03, 3.369682235643268e-03, 3.369682235643268e-03, 0e+00, 0e+00, 0e+00, 0e+00, 0e+00, 0e+00, 0e+00, 0e+00, 7.285157012939453e+01, 7.546312713623047e+01, 7.831850433349609e+01, 8.154821014404297e+01, 8.520761871337891e+01, 8.934265899658203e+01, 9.386199951171875e+01, 9.866122436523438e+01, 0e+00, 0e+00, 0e+00, 0e+00, 0e+00, 0e+00, 0e+00, 0e+00, 0e+00, 1.427817077636719e+02, 1.462481079101562e+02, 1.496373901367188e+02, 1.529630737304688e+02, 1.562362213134766e+02, 1.594651336669922e+02, 1.626510772705078e+02, 1.65703125e+02, 0e+00, 0e+00, 0e+00, 0e+00, 0e+00, 0e+00, 0e+00, 0e+00, 1.945455017089844e+02, 1.984547119140625e+02, 2.023221435546875e+02, 2.06147216796875e+02, 2.099293060302734e+02, 2.136677856445312e+02, 2.17362060546875e+02, 2.210115203857422e+02, 2.246156005859375e+02, 0e+00, 0e+00, 0e+00, 0e+00, 0e+00, 0e+00, 0e+00, 0e+00, 2.276717681884766e+02, 2.276717681884766e+02, 2.276717681884766e+02, 2.276717681884766e+02, 2.276717681884766e+02, 2.276717681884766e+02, 2.276717681884766e+02, 2.276717681884766e+02, 0e+00, 0e+00, 0e+00, 0e+00, 0e+00, 0e+00, 0e+00, 0e+00, 0e+00]
pumSpeed.P=[1.090076984837651e-03, 1.090076984837651e-03, 1.090076984837651e-03, 1.090076984837651e-03, 1.090076984837651e-03, 1.090076984837651e-03, 1.090076984837651e-03, 1.090076984837651e-03, 1.090076984837651e-03, 1.090076984837651e-03, 1.090076984837651e-03, 1.090076984837651e-03, 1.090076984837651e-03, 1.090076984837651e-03, 1.090076984837651e-03, 1.090076984837651e-03, 1.090076984837651e-03, 1.090076984837651e-03, 1.090076984837651e-03, 1.090076984837651e-03, 1.090076984837651e-03, 1.090076984837651e-03, 1.090076984837651e-03, 1.090076984837651e-03, 1.090076984837651e-03, 1.090076984837651e-03, 1.031876182556152e+01, 5.817397308349609e+01, 5.799489212036133e+01, 5.817005157470703e+01, 5.884063339233398e+01, 6.027272033691406e+01, 6.255274200439453e+01, 6.541948699951172e+01, 6.871469116210938e+01, 7.218743896484375e+01, 7.596346282958984e+01, 8.045697021484375e+01, 8.596089935302734e+01, 9.279019927978516e+01, 1.008566513061523e+02, 1.10101203918457e+02, 1.202361068725586e+02, 1.305995330810547e+02, 1.409578399658203e+02, 1.515734710693359e+02, 1.62108154296875e+02, 1.717166290283203e+02, 1.814298400878906e+02, 1.940273590087891e+02, 2.083638610839844e+02, 2.230785217285156e+02, 2.382110137939453e+02, 2.538048858642578e+02, 2.699069213867189e+02, 2.865664062500001e+02, 3.038346252441407e+02, 3.217640991210938e+02, 3.404080810546875e+02, 3.598201904296875e+02, 3.800534362792969e+02, 4.010195007324219e+02, 4.226287536621094e+02, 4.448930969238281e+02, 4.678247680664062e+02, 4.914360961914062e+02, 5.157396850585938e+02, 5.407481079101562e+02, 5.6647412109375e+02, 5.929304809570312e+02, 6.201300659179688e+02, 6.48085693359375e+02, 6.768101196289062e+02, 7.063162231445312e+02, 7.3661669921875e+02, 7.677243041992188e+02, 7.682562866210938e+02, 7.683731079101562e+02, 7.68390869140625e+02, 7.683931884765625e+02, 7.683934936523438e+02, 7.683934936523438e+02, 7.683934936523438e+02, 7.683934936523438e+02, 7.683934936523438e+02, 7.683934936523438e+02, 7.683934936523438e+02, 7.683934936523438e+02, 7.683934936523438e+02, 7.683934936523438e+02, 7.683934936523438e+02, 7.683934936523438e+02, 7.683934936523438e+02, 7.683934936523438e+02, 7.683934936523438e+02, 7.683934936523438e+02, 7.683934936523438e+02, 7.683934936523438e+02, 7.683934936523438e+02, 7.683934936523438e+02, 7.683934936523438e+02]
