last-generated=2024-07-16
statistics-initialization=
{
  "linear": "0",
  "nonlinear": "0, 0, 5, 7, 2, 1, 1",
  "numerical Jacobians": "0"
}
statistics-simulation=
{
  "linear": "0, 0, 0, 0, 0, 0, 0, 0, 0, 0, 0, 0, 0, 0, 0, 0, 0, 0, 0, 0, 0, 0, 0, 0, 0, 0, 0,   0, 0, 0, 0, 0, 0, 0, 0, 0, 0, 0, 0, 0, 0, 0, 0, 0, 0",
  "nonlinear": "1, 6, 1, 1, 1, 1, 1, 0, 1, 0, 1, 0, 1, 1, 1",
  "number of continuous time states": "111",
  "numerical Jacobians": "0"
}
time=[0e+00, 1.728e+05]
weaDat.weaBus.TDryBul=[2.711499938964844e+02, 2.711964111328125e+02, 2.711585388183594e+02, 2.710329895019531e+02, 2.708773498535156e+02, 2.706598205566406e+02, 2.704615478515625e+02, 2.704500122070312e+02, 2.704500122070312e+02, 2.704500122070312e+02, 2.704500122070312e+02, 2.704904479980469e+02, 2.706648559570312e+02, 2.708219909667969e+02, 2.709660034179688e+02, 2.710835876464844e+02, 2.710487060546875e+02, 2.710967712402344e+02, 2.713839721679688e+02, 2.715577392578125e+02, 2.713986511230469e+02, 2.713771667480469e+02, 2.716394348144531e+02, 2.718602600097656e+02, 2.719464111328125e+02, 2.720499877929688e+02, 2.722364196777344e+02, 2.724353637695312e+02, 2.725456237792969e+02, 2.726259155273438e+02, 2.730393371582031e+02, 2.736041564941406e+02, 2.736746826171875e+02, 2.736636657714844e+02, 2.736180114746094e+02, 2.735700073242188e+02, 2.735389404296875e+02, 2.735155944824219e+02, 2.7335400390625e+02, 2.731619873046875e+02, 2.729700012207031e+02, 2.727780151367188e+02, 2.72593994140625e+02, 2.724955749511719e+02, 2.724342651367188e+02, 2.723796081542969e+02, 2.723463134765625e+02, 2.723376770019531e+02, 2.723522033691406e+02, 2.724003295898438e+02, 2.724500122070312e+02, 2.724666442871094e+02, 2.724525451660156e+02, 2.724020690917969e+02, 2.722803344726562e+02, 2.720899963378906e+02, 2.718980102539062e+02, 2.717059936523438e+02, 2.715140075683594e+02, 2.713631591796875e+02, 2.713411865234375e+02, 2.713729858398438e+02, 2.714293518066406e+02, 2.714556884765625e+02, 2.714446716308594e+02, 2.714856872558594e+02, 2.716668701171875e+02, 2.717514038085938e+02, 2.716672058105469e+02, 2.716678771972656e+02, 2.71758056640625e+02, 2.718697814941406e+02, 2.7200390625e+02, 2.721656494140625e+02, 2.724968872070312e+02, 2.728500061035156e+02, 2.729950561523438e+02, 2.729598999023438e+02, 2.725846862792969e+02, 2.721623229980469e+02, 2.721732788085938e+02, 2.722332153320312e+02, 2.723517456054688e+02, 2.724693908691406e+02, 2.722129516601562e+02, 2.715361633300781e+02, 2.708384399414062e+02, 2.701152648925781e+02, 2.6966552734375e+02, 2.693913269042969e+02, 2.691483459472656e+02, 2.68912841796875e+02, 2.686530456542969e+02, 2.682867126464844e+02, 2.680051879882812e+02, 2.680009765625e+02, 2.679133911132812e+02, 2.676651611328125e+02, 2.674332275390625e+02, 2.672374267578125e+02, 2.670499877929688e+02]
hydraulic.generation.sigBusGen.TGenOutMea=[2.931499938964844e+02, 3.017720642089844e+02, 3.12014404296875e+02, 3.182207946777344e+02, 3.221053466796875e+02, 3.227923889160156e+02, 3.228872985839844e+02, 3.228380737304688e+02, 3.228057861328125e+02, 3.227963562011719e+02, 3.227945861816406e+02, 3.227640686035156e+02, 3.226025390625e+02, 3.224313354492188e+02, 3.222848510742188e+02, 3.250894470214844e+02, 3.2213623046875e+02, 3.222904968261719e+02, 3.219401245117188e+02, 3.216712951660156e+02, 3.217716979980469e+02, 3.218311767578125e+02, 3.215950622558594e+02, 3.213443298339844e+02, 3.21230712890625e+02, 3.211276550292969e+02, 3.209444274902344e+02, 3.207335205078125e+02, 3.206027526855469e+02, 3.20521240234375e+02, 3.199538879394531e+02, 3.196772766113281e+02, 3.19478271484375e+02, 3.194317321777344e+02, 3.194632568359375e+02, 3.1951171875e+02, 3.195483703613281e+02, 3.19570068359375e+02, 3.197206420898438e+02, 3.199208068847656e+02, 3.20124267578125e+02, 3.20329833984375e+02, 3.205250244140625e+02, 3.284526672363281e+02, 3.207955322265625e+02, 3.208837585449219e+02, 3.208471374511719e+02, 3.208246154785156e+02, 3.20802734375e+02, 3.207544555664062e+02, 3.206997985839844e+02, 3.206769409179688e+02, 3.235270385742188e+02, 3.207839965820312e+02, 3.209853210449219e+02, 3.211030578613281e+02, 3.212650756835938e+02, 3.214554443359375e+02, 3.216550903320312e+02, 3.218236389160156e+02, 3.218648986816406e+02, 3.218361511230469e+02, 3.217766723632812e+02, 3.217424926757812e+02, 3.217555236816406e+02, 3.229038696289062e+02, 3.215617065429688e+02, 3.215856628417969e+02, 3.21568359375e+02, 3.215415954589844e+02, 3.214437561035156e+02, 3.213306274414062e+02, 3.211925048828125e+02, 3.210301208496094e+02, 3.207040100097656e+02, 3.203198852539062e+02, 3.2012939453125e+02, 3.201419067382812e+02, 3.204901123046875e+02, 3.209617614746094e+02, 3.210990600585938e+02, 3.210847778320312e+02, 3.208688659667969e+02, 3.206968688964844e+02, 3.208982543945312e+02, 3.215747375488281e+02, 3.22318115234375e+02, 3.23082763671875e+02, 3.235929565429688e+02, 3.23873046875e+02, 3.241156005859375e+02, 3.2436865234375e+02, 3.246315307617188e+02, 3.269546203613281e+02, 3.251767883300781e+02, 3.255762329101562e+02, 3.255116882324219e+02, 3.256755676269531e+02, 3.259100646972656e+02, 3.261207580566406e+02, 3.263185424804688e+02]
outputs.building.TZone[1]=[2.931499938964844e+02, 2.875501098632812e+02, 2.884264221191406e+02, 2.889635620117188e+02, 2.893037719726562e+02, 2.893929443359375e+02, 2.89334716796875e+02, 2.892799987792969e+02, 2.892776184082031e+02, 2.892944641113281e+02, 2.893145446777344e+02, 2.893401184082031e+02, 2.893764953613281e+02, 2.895068359375e+02, 2.898141174316406e+02, 2.90101806640625e+02, 2.902612609863281e+02, 2.905107421875e+02, 2.906779174804688e+02, 2.908220825195312e+02, 2.909010314941406e+02, 2.910060119628906e+02, 2.911110229492188e+02, 2.9119580078125e+02, 2.911981201171875e+02, 2.912023010253906e+02, 2.911827697753906e+02, 2.911460571289062e+02, 2.912488098144531e+02, 2.913800048828125e+02, 2.914767456054688e+02, 2.91666259765625e+02, 2.917245788574219e+02, 2.917489318847656e+02, 2.917399291992188e+02, 2.917090148925781e+02, 2.916704711914062e+02, 2.916161193847656e+02, 2.915388488769531e+02, 2.914220886230469e+02, 2.913376770019531e+02, 2.913556518554688e+02, 2.913717041015625e+02, 2.913625183105469e+02, 2.913374633789062e+02, 2.913028259277344e+02, 2.912439270019531e+02, 2.912534790039062e+02, 2.912691650390625e+02, 2.912657775878906e+02, 2.912587585449219e+02, 2.912704162597656e+02, 2.9128662109375e+02, 2.912802734375e+02, 2.913335876464844e+02, 2.913509826660156e+02, 2.913702697753906e+02, 2.913934631347656e+02, 2.914187622070312e+02, 2.914462585449219e+02, 2.91472900390625e+02, 2.914950256347656e+02, 2.915152282714844e+02, 2.916156311035156e+02, 2.918678283691406e+02, 2.9209521484375e+02, 2.921813354492188e+02, 2.923310241699219e+02, 2.923883666992188e+02, 2.924651184082031e+02, 2.92545166015625e+02, 2.928060607910156e+02, 2.930753173828125e+02, 2.932381286621094e+02, 2.933079528808594e+02, 2.933206176757812e+02, 2.932708435058594e+02, 2.932174377441406e+02, 2.931914978027344e+02, 2.932119750976562e+02, 2.932337341308594e+02, 2.932894592285156e+02, 2.932826538085938e+02, 2.932635498046875e+02, 2.93252685546875e+02, 2.932696228027344e+02, 2.932852478027344e+02, 2.932864685058594e+02, 2.932361755371094e+02, 2.931108093261719e+02, 2.9303271484375e+02, 2.930483703613281e+02, 2.930573425292969e+02, 2.930464782714844e+02, 2.929812927246094e+02, 2.930664672851562e+02, 2.930467529296875e+02, 2.930502319335938e+02, 2.93063720703125e+02, 2.930588989257812e+02, 2.93052001953125e+02]
electricalGrid.PElecGen=[0e+00, 0e+00]
electricalGrid.PElecLoa=[4.20201708984375e+03, 4.4694345703125e+03, 4.46779638671875e+03, 4.81503125e+03, 4.967310546875e+03, 3.862115234375e+03, 3.659177734375e+03, 3.587940673828125e+03, 3.581271484375e+03, 3.583042236328125e+03, 3.583909423828125e+03, 3.558455322265625e+03, 3.466023681640625e+03, 3.404416259765625e+03, 3.3296982421875e+03, 5.11537060546875e+03, 3.984302001953125e+03, 3.380861083984374e+03, 3.104944580078125e+03, 3.045707763671875e+03, 3.145967529296875e+03, 3.126640625e+03, 2.991400146484375e+03, 2.9219326171875e+03, 2.918905517578125e+03, 2.89154296875e+03, 2.828270263671875e+03, 2.774626220703125e+03, 2.7612998046875e+03, 2.73985791015625e+03, 3.289634765625e+03, 2.59350390625e+03, 2.50121533203125e+03, 2.50826171875e+03, 2.527436279296875e+03, 2.54219873046875e+03, 2.547336181640625e+03, 2.55493359375e+03, 2.613518798828125e+03, 2.668923095703125e+03, 2.71817724609375e+03, 2.757935791015625e+03, 2.796595703125e+03, 5.454734375e+03, 3.209210205078125e+03, 2.89451171875e+03, 2.833541259765625e+03, 2.825762939453125e+03, 2.818156005859375e+03, 2.799839111328125e+03, 2.787105712890625e+03, 2.78866015625e+03, 5.18526025390625e+03, 3.305567626953125e+03, 2.956231689453125e+03, 2.928466064453125e+03, 2.97104345703125e+03, 3.0225537109375e+03, 3.07273974609375e+03, 3.1010283203125e+03, 3.078045654296875e+03, 3.051075927734375e+03, 3.026365478515625e+03, 3.019509521484375e+03, 3.0084423828125e+03, 5.109798828125e+03, 3.474027587890625e+03, 2.971056884765625e+03, 2.90801513671875e+03, 2.876769287109375e+03, 2.828589599609375e+03, 2.771228515625e+03, 2.7084794921875e+03, 2.6307578125e+03, 2.49965869140625e+03, 2.401218017578125e+03, 2.39933447265625e+03, 2.443375244140625e+03, 2.58553466796875e+03, 2.6683154296875e+03, 3.000389892578125e+03, 2.55655126953125e+03, 2.456710205078125e+03, 2.4274736328125e+03, 2.538659912109375e+03, 2.728322509765625e+03, 2.862655029296875e+03, 3.00810595703125e+03, 3.042653076171875e+03, 3.113896240234375e+03, 3.22604345703125e+03, 3.31004736328125e+03, 3.41998876953125e+03, 5.14369921875e+03, 4.80174609375e+03, 3.827942626953125e+03, 3.745421875e+03, 3.911445556640625e+03, 4.052102294921875e+03, 4.1639150390625e+03, 4.27866064453125e+03]
