last-generated=2025-12-09
statistics-initialization=
{
  "nonlinear": "5, 8, 1, 1, 1, 1, 0, 1, 0, 1, 0, 1, 1, 1",
  "numerical Jacobians": "0"
}
statistics-simulation=
{
  "linear": "0, 0, 0, 0, 0, 0, 0",
  "nonlinear": "1, 1, 1, 1, 1, 6, 1, 1, 1, 0, 1, 0, 1, 0, 1, 1, 1",
  "number of continuous time states": "75",
  "numerical Jacobians": "0"
}
time=[0e+00, 8.64e+05]
electrical.distribution.batterySimple.PLoad=[2.009683227539062e+03, 3.818046142578125e+03, 1.43060615234375e+04, 3.800655517578125e+03, 3.85256591796875e+03, 3.857991943359375e+03, 3.488104736328125e+03, 3.4069072265625e+03, 3.616212158203125e+03, 3.37792041015625e+03, 3.699654296875e+03, 3.8287412109375e+03, 3.931199462890625e+03, 3.471927978515625e+03, 3.715093994140625e+03, 2.859300048828125e+03, 2.850162841796875e+03, 3.02226416015625e+03, 3.65065478515625e+03, 1.43972548828125e+04, 3.819605712890625e+03, 3.809442626953125e+03, 1.437028125e+04, 4.1591435546875e+03, 4.1548076171875e+03, 2.69584912109375e+03, 2.468091064453125e+03, 2.913379638671876e+03, 3.9253911132813e+03, 3.989295166015625e+03, 3.935642822265625e+03, 3.940486083984375e+03, 3.91075390625e+03, 3.9030029296875e+03, 3.303475830078125e+03, 2.628187744140625e+03, 2.42696142578125e+03, 2.31884619140625e+03, 2.423940673828125e+03, 2.927125e+03, 2.61975341796875e+03, 2.638483642578125e+03, 2.60390869140625e+03, 2.566937255859375e+03, 2.09450048828125e+03, 1.804068237304688e+03, 1.754356689453125e+03, 1.751037841796875e+03, 1.997661865234375e+03, 2.519644775390625e+03, 2.250550537109375e+03, 2.21579541015625e+03, 2.162488525390625e+03, 2.011873168945312e+03, 1.550052978515623e+03, 1.384950439453124e+03, 1.343203491210937e+03, 1.318678466796875e+03, 1.565343505859373e+03, 1.850182861328125e+03, 1.779482421875e+03, 1.783458862304688e+03, 1.897295776367188e+03, 1.915719482421875e+03, 1.621336669921875e+03, 1.11786962890625e+03, 1.077104248046875e+03, 1.087057739257812e+03, 1.86836083984375e+03, 2.441015380859375e+03, 2.4587734375e+03, 2.463388427734375e+03, 2.5467783203125e+03, 2.516103759765625e+03, 2.0368671875e+03, 1.133486938476562e+03, 1.34577294921875e+03, 1.215120239257812e+03, 1.834982788085938e+03, 2.157515380859375e+03, 2.089126220703125e+03, 2.016539794921875e+03, 2.03527734375e+03, 1.945452880859375e+03, 1.777686401367188e+03, 1.381120239257812e+03, 1.43405712890625e+03, 1.42494580078125e+03, 1.887349853515625e+03, 2.550370849609375e+03, 2.45590234375e+03, 2.35193115234375e+03, 2.47807275390625e+03, 2.42568896484375e+03, 2.3168173828125e+03, 1.127802612304688e+03, 1.113533569335938e+03, 1.106220092773438e+03, 1.634688720703125e+03, 1.7633583984375e+03, 1.629614990234375e+03]
electrical.distribution.batterySimple.PCharge=[0e+00, 0e+00, 0e+00, 0e+00, 1.373916625976562e+02, 4.424331359863281e+02, 3.614790344238281e+02, 0e+00, 0e+00, 0e+00, 0e+00, 0e+00, 0e+00, 0e+00, 3.117859497070341e+02, 1.355197021484375e+03, 4.340064392089844e+02, 0e+00, 0e+00, 0e+00, 0e+00, 0e+00, 0e+00, 0e+00, 1.962879486083984e+02, 1.17838671875e+03, 8.831699829101562e+02, 0e+00, 0e+00, 0e+00, 0e+00, 0e+00, 0e+00, 0e+00, 1.132767333984375e+02, 3.282506713867188e+02, 3.45608154296875e+02, 0e+00, 0e+00, 0e+00, 0e+00, 0e+00, 0e+00, 0e+00, 7.848101043701172e+01, 4.093669128417969e+02, 3.108592834472656e+02, 0e+00, 0e+00, 0e+00, 0e+00, 0e+00, 0e+00, 0e+00, 1.25109191894533e+02, 2.335591125488297e+02, 3.569707031249969e+02, 0e+00, 0e+00, 0e+00, 0e+00, 0e+00, 0e+00, 0e+00, 2.269563446044922e+02, 6.538319702148438e+02, 4.359191589355469e+02, 0e+00, 0e+00, 0e+00, 0e+00, 0e+00, 0e+00, 0e+00, 4.521343383789062e+02, 1.300943725585938e+03, 2.515860290527344e+02, 0e+00, 0e+00, 0e+00, 0e+00, 0e+00, 0e+00, 0e+00, 1.450899047851562e+02, 5.276746826171875e+02, 4.921898803710938e+02, 0e+00, 0e+00, 0e+00, 0e+00, 0e+00, 0e+00, 0e+00, 4.932261657714844e+02, 1.391678466796875e+03, 7.0428857421875e+02, 0e+00, 0e+00, 0e+00, 0e+00]
hydraulic.distribution.sigBusDistr.TStoDHWTopMea=[3.231499938964844e+02, 3.325289916992188e+02, 3.315216064453125e+02, 3.293653564453125e+02, 3.268730773925781e+02, 3.250625e+02, 3.232799377441406e+02, 3.213425903320312e+02, 3.189814453125e+02, 3.264908447265625e+02, 3.253272399902344e+02, 3.244570007324219e+02, 3.2361474609375e+02, 3.311876525878906e+02, 3.283023681640625e+02, 3.263159790039062e+02, 3.243877258300781e+02, 3.223087768554688e+02, 3.19794677734375e+02, 3.266149291992188e+02, 3.254647521972656e+02, 3.245948181152344e+02, 3.237528076171875e+02, 3.301864624023438e+02, 3.266980590820312e+02, 3.245154724121094e+02, 3.224551391601562e+02, 3.202651977539062e+02, 3.184304199218753e+02, 3.247376708984377e+02, 3.234826049804688e+02, 3.32960693359375e+02, 3.319385986328125e+02, 3.295017395019531e+02, 3.268434753417969e+02, 3.249679260253906e+02, 3.231357421875e+02, 3.211524658203125e+02, 3.187446594238281e+02, 3.264238891601562e+02, 3.252525939941406e+02, 3.243819885253906e+02, 3.235394287109375e+02, 3.310040283203125e+02, 3.280723876953125e+02, 3.260733337402344e+02, 3.24137939453125e+02, 3.220539855957031e+02, 3.195368347167969e+02, 3.263819580078125e+02, 3.252054748535156e+02, 3.243346252441406e+02, 3.234918212890625e+02, 3.30913330078125e+02, 3.279653625488281e+02, 3.259623413085938e+02, 3.240250549316406e+02, 3.219401550292969e+02, 3.194231262207031e+02, 3.262798156738281e+02, 3.250919494628906e+02, 3.242207641601562e+02, 3.233778076171875e+02, 3.307306518554688e+02, 3.277640075683594e+02, 3.25758056640625e+02, 3.238205261230469e+02, 3.217367553710938e+02, 3.192226257324219e+02, 3.263603820800781e+02, 3.25181640625e+02, 3.243108825683594e+02, 3.234682006835938e+02, 3.309138488769531e+02, 3.2798193359375e+02, 3.259844970703125e+02, 3.240511474609375e+02, 3.219696960449219e+02, 3.19455810546875e+02, 3.263355102539062e+02, 3.251535949707031e+02, 3.242825317382812e+02, 3.234395751953125e+02, 3.308092346191406e+02, 3.278421630859375e+02, 3.258345336914062e+02, 3.238950805664062e+02, 3.218090209960938e+02, 3.192919311523438e+02, 3.263656311035156e+02, 3.251874694824219e+02, 3.243166198730469e+02, 3.234738464355469e+02, 3.309070434570312e+02, 3.279678039550781e+02, 3.259680480957031e+02, 3.240330505371094e+02, 3.219501647949219e+02, 3.1943505859375e+02, 3.262803649902344e+02, 3.250924987792969e+02]
hydraulic.distribution.sigBusDistr.TStoBufTopMea=[2.931499938964844e+02, 3.189912414550781e+02, 3.218514709472656e+02, 3.183876953125e+02, 3.189452514648438e+02, 3.196627197265625e+02, 3.188760681152344e+02, 3.181327514648438e+02, 3.186493530273438e+02, 3.189971923828125e+02, 3.192767028808594e+02, 3.195277404785156e+02, 3.201509704589844e+02, 3.197971496582031e+02, 3.20044921875e+02, 3.201022033691406e+02, 3.208287963867188e+02, 3.21220947265625e+02, 3.237618103027344e+02, 3.23933837890625e+02, 3.212276916503906e+02, 3.209278259277344e+02, 3.275630798339844e+02, 3.255486450195312e+02, 3.253262329101562e+02, 3.225429992675781e+02, 3.215653991699219e+02, 3.223006591796875e+02, 3.222172546386718e+02, 3.233869323730469e+02, 3.224732971191406e+02, 3.219191284179688e+02, 3.208095092773438e+02, 3.208340148925781e+02, 3.220233154296875e+02, 3.20623046875e+02, 3.195871276855469e+02, 3.187315063476562e+02, 3.179912109375e+02, 3.17082763671875e+02, 3.168313293457031e+02, 3.167059020996094e+02, 3.164482727050781e+02, 3.167716064453125e+02, 3.171525573730469e+02, 3.168062744140625e+02, 3.162900085449219e+02, 3.16068115234375e+02, 3.159897766113281e+02, 3.160307922363281e+02, 3.156990051269531e+02, 3.152280883789062e+02, 3.147005615234375e+02, 3.14613037109375e+02, 3.138519287109375e+02, 3.132915649414062e+02, 3.133048400878906e+02, 3.133641052246094e+02, 3.131624755859375e+02, 3.12693603515625e+02, 3.122365417480469e+02, 3.116950378417969e+02, 3.117237854003906e+02, 3.123554992675781e+02, 3.131972351074219e+02, 3.121170654296875e+02, 3.117552795410156e+02, 3.121974487304688e+02, 3.1404638671875e+02, 3.149976196289062e+02, 3.155464782714844e+02, 3.149817199707031e+02, 3.152417297363281e+02, 3.154262390136719e+02, 3.158518371582031e+02, 3.143014526367188e+02, 3.140016174316406e+02, 3.137747497558594e+02, 3.141026916503906e+02, 3.13900634765625e+02, 3.133322143554688e+02, 3.126991882324219e+02, 3.124962768554688e+02, 3.123904113769531e+02, 3.131189880371094e+02, 3.126422119140625e+02, 3.140184936523438e+02, 3.136273803710938e+02, 3.146875305175781e+02, 3.15157958984375e+02, 3.147366943359375e+02, 3.142374267578125e+02, 3.144670104980469e+02, 3.1479248046875e+02, 3.160626525878906e+02, 3.148413696289062e+02, 3.136570434570312e+02, 3.134874572753906e+02, 3.134529113769531e+02, 3.123733825683594e+02, 3.111326293945312e+02]
hydraulic.generation.sigBusGen.TGenOutMea=[2.931499938964844e+02, 3.203361511230469e+02, 3.251290588378906e+02, 3.198543701171875e+02, 3.204598693847656e+02, 3.211421508789062e+02, 3.201682739257812e+02, 3.195093994140625e+02, 3.201155395507812e+02, 3.197438049316406e+02, 3.207054443359375e+02, 3.210423583984375e+02, 3.21649658203125e+02, 3.208914794921875e+02, 3.214494018554688e+02, 3.204052734375e+02, 3.21037353515625e+02, 3.215380859375e+02, 3.2408056640625e+02, 3.263332824707031e+02, 3.221401672363281e+02, 3.220380554199219e+02, 3.303312683105469e+02, 3.260626831054688e+02, 3.257425537109375e+02, 3.225213623046875e+02, 3.216344909667969e+02, 3.224885864257812e+02, 3.228999023437505e+02, 3.239566650390625e+02, 3.232451477050781e+02, 3.230430603027344e+02, 3.22184814453125e+02, 3.220924987792969e+02, 3.223742370605469e+02, 3.207329711914062e+02, 3.196791381835938e+02, 3.188469543457031e+02, 3.181824340820312e+02, 3.178202819824219e+02, 3.174320983886719e+02, 3.17383544921875e+02, 3.171511535644531e+02, 3.17327880859375e+02, 3.172759399414062e+02, 3.168493041992188e+02, 3.163495483398438e+02, 3.161495666503906e+02, 3.161318664550781e+02, 3.165168762207031e+02, 3.160646667480469e+02, 3.156533203125e+02, 3.151741027832031e+02, 3.149386291503906e+02, 3.139235534667969e+02, 3.133517150878906e+02, 3.133551025390625e+02, 3.133857727050781e+02, 3.132593078613281e+02, 3.130655212402344e+02, 3.127065124511719e+02, 3.123693542480469e+02, 3.126557312011719e+02, 3.131246948242188e+02, 3.133593444824219e+02, 3.121205444335938e+02, 3.117695007324219e+02, 3.122175598144531e+02, 3.142908325195312e+02, 3.156032104492188e+02, 3.162853393554688e+02, 3.16013916015625e+02, 3.163312683105469e+02, 3.16374267578125e+02, 3.160576171875e+02, 3.142550354003906e+02, 3.140663452148438e+02, 3.137151184082031e+02, 3.143048400878906e+02, 3.144150085449219e+02, 3.140582275390625e+02, 3.136115112304688e+02, 3.134644165039062e+02, 3.132307739257812e+02, 3.1344189453125e+02, 3.127266540527344e+02, 3.140229797363281e+02, 3.136981506347656e+02, 3.148506469726562e+02, 3.159153442382812e+02, 3.157280883789062e+02, 3.152749328613281e+02, 3.156050720214844e+02, 3.157759399414062e+02, 3.164901733398438e+02, 3.147811889648438e+02, 3.136961059570312e+02, 3.134400024414062e+02, 3.135633850097656e+02, 3.127099914550781e+02, 3.116679992675781e+02]
ventilation.generation.TSup.T=[2.931499938964844e+02, 2.857621154785156e+02, 2.857445983886719e+02, 2.863608093261719e+02, 2.871397705078125e+02, 2.876457214355469e+02, 2.881466369628906e+02, 2.884161682128906e+02, 2.8802783203125e+02, 2.878940734863281e+02, 2.87888427734375e+02, 2.879075622558594e+02, 2.878710632324219e+02, 2.884319763183594e+02, 2.888444519042969e+02, 2.894429321289062e+02, 2.890247192382812e+02, 2.888356323242188e+02, 2.882278137207031e+02, 2.879868774414062e+02, 2.877183227539062e+02, 2.876793823242188e+02, 2.87875e+02, 2.879595947265625e+02, 2.880793762207031e+02, 2.888251953125e+02, 2.888983459472656e+02, 2.88628173828125e+02, 2.881684875488281e+02, 2.880765075683594e+02, 2.881726989746094e+02, 2.8836865234375e+02, 2.884566650390625e+02, 2.887364501953125e+02, 2.889217529296875e+02, 2.89074951171875e+02, 2.892236328125e+02, 2.89364990234375e+02, 2.893246154785156e+02, 2.895072326660156e+02, 2.895687255859375e+02, 2.896202392578125e+02, 2.896813049316406e+02, 2.899833374023438e+02, 2.898160400390625e+02, 2.898126525878906e+02, 2.898408813476562e+02, 2.898698425292969e+02, 2.897160949707031e+02, 2.897740478515625e+02, 2.898253479003906e+02, 2.899369201660156e+02, 2.900419921875e+02, 2.904009704589844e+02, 2.904220581054688e+02, 2.904574279785156e+02, 2.904246520996094e+02, 2.904008178710938e+02, 2.90243408203125e+02, 2.903817749023438e+02, 2.904002075195312e+02, 2.904841003417969e+02, 2.904443664550781e+02, 2.907192077636719e+02, 2.907137451171875e+02, 2.907580261230469e+02, 2.907527160644531e+02, 2.9070849609375e+02, 2.899986267089844e+02, 2.898634948730469e+02, 2.896968078613281e+02, 2.897644348144531e+02, 2.89697509765625e+02, 2.900672302246094e+02, 2.902642211914062e+02, 2.903819885253906e+02, 2.902364807128906e+02, 2.903167724609375e+02, 2.900063781738281e+02, 2.900920715332031e+02, 2.900950012207031e+02, 2.90204833984375e+02, 2.901991577148438e+02, 2.906203918457031e+02, 2.906738586425781e+02, 2.906475219726562e+02, 2.903750915527344e+02, 2.903085632324219e+02, 2.899081115722656e+02, 2.898003845214844e+02, 2.897596435546875e+02, 2.898447875976562e+02, 2.897507629394531e+02, 2.90128173828125e+02, 2.901619567871094e+02, 2.903634643554688e+02, 2.905578918457031e+02, 2.904048767089844e+02, 2.90151123046875e+02, 2.904273681640625e+02, 2.905506591796875e+02]
ventilation.generation.weaBus.TDryBul=[2.711499938964844e+02, 2.706598205566406e+02, 2.704500122070312e+02, 2.710835876464844e+02, 2.713986511230469e+02, 2.720499877929688e+02, 2.730393371582031e+02, 2.735700073242188e+02, 2.729700012207031e+02, 2.723796081542969e+02, 2.724500122070312e+02, 2.720899963378906e+02, 2.713411865234375e+02, 2.714856872558594e+02, 2.71758056640625e+02, 2.728500061035156e+02, 2.721732788085938e+02, 2.715361633300781e+02, 2.691483459472656e+02, 2.680009765625e+02, 2.670499877929688e+02, 2.668262023925781e+02, 2.657754821777344e+02, 2.654322509765625e+02, 2.667328796386719e+02, 2.708500061035156e+02, 2.715960083007812e+02, 2.706900024414062e+02, 2.6904345703125e+02, 2.681499938964844e+02, 2.6875e+02, 2.692776794433594e+02, 2.698986511230469e+02, 2.698555908203125e+02, 2.7092041015625e+02, 2.724500122070312e+02, 2.734451904296875e+02, 2.742142639160156e+02, 2.747942810058594e+02, 2.753908081054688e+02, 2.755499877929688e+02, 2.75614013671875e+02, 2.758299865722656e+02, 2.758448791503906e+02, 2.757672424316406e+02, 2.761499938964844e+02, 2.765899963378906e+02, 2.767610473632812e+02, 2.767300109863281e+02, 2.766708068847656e+02, 2.768500061035156e+02, 2.772636108398438e+02, 2.7771533203125e+02, 2.781019897460938e+02, 2.789319152832031e+02, 2.794500122070312e+02, 2.794466247558594e+02, 2.794279174804688e+02, 2.794849243164062e+02, 2.799500122070312e+02, 2.800499877929688e+02, 2.803680114746094e+02, 2.800899963378906e+02, 2.797099914550781e+02, 2.795200500488281e+02, 2.806499938964844e+02, 2.810128784179688e+02, 2.810320129394531e+02, 2.784481201171875e+02, 2.775330505371094e+02, 2.766499938964844e+02, 2.768958740234375e+02, 2.766292114257812e+02, 2.766669616699219e+02, 2.769802551269531e+02, 2.786499938964844e+02, 2.78731689453125e+02, 2.791405029296875e+02, 2.784546508789062e+02, 2.786761779785156e+02, 2.7875e+02, 2.792179870605469e+02, 2.793362731933594e+02, 2.796307983398438e+02, 2.793832702636719e+02, 2.800499877929688e+02, 2.789285583496094e+02, 2.790899963378906e+02, 2.779700012207031e+02, 2.77250732421875e+02, 2.771499938964844e+02, 2.77614013671875e+02, 2.772754516601562e+02, 2.772228088378906e+02, 2.764660034179688e+02, 2.784500122070312e+02, 2.800023193359375e+02, 2.797099914550781e+02, 2.791930847167969e+02, 2.803331909179688e+02, 2.810499877929688e+02]
building.buiMeaBus.TZoneMea[1]=[2.931499938964844e+02, 2.895367126464844e+02, 2.89572021484375e+02, 2.90181396484375e+02, 2.910756530761719e+02, 2.915448913574219e+02, 2.919246520996094e+02, 2.921275939941406e+02, 2.917923889160156e+02, 2.917733154296875e+02, 2.917480773925781e+02, 2.918621215820312e+02, 2.920037536621094e+02, 2.926685485839844e+02, 2.9311669921875e+02, 2.935906677246094e+02, 2.932376098632812e+02, 2.931604614257812e+02, 2.929979553222656e+02, 2.929883117675781e+02, 2.92885009765625e+02, 2.928921508789062e+02, 2.934020385742188e+02, 2.935892028808594e+02, 2.934158020019531e+02, 2.933191528320312e+02, 2.932238464355469e+02, 2.931127624511719e+02, 2.92948974609375e+02, 2.930580749511719e+02, 2.930283508300781e+02, 2.931412963867188e+02, 2.930962829589844e+02, 2.934573669433594e+02, 2.934217834472656e+02, 2.932310791015625e+02, 2.931683959960938e+02, 2.931527709960938e+02, 2.929574890136719e+02, 2.930369567871094e+02, 2.930733337402344e+02, 2.931218872070312e+02, 2.931441650390625e+02, 2.935181579589844e+02, 2.933280029296875e+02, 2.932283020019531e+02, 2.931536865234375e+02, 2.931471252441406e+02, 2.929629516601562e+02, 2.930504150390625e+02, 2.930691223144531e+02, 2.931053161621094e+02, 2.931237182617188e+02, 2.93475830078125e+02, 2.9329443359375e+02, 2.932092895507812e+02, 2.93169189453125e+02, 2.931440734863281e+02, 2.92933349609375e+02, 2.929899597167969e+02, 2.929877014160156e+02, 2.930131530761719e+02, 2.930329895019531e+02, 2.934719543457031e+02, 2.935120544433594e+02, 2.932847595214844e+02, 2.931879272460938e+02, 2.931275024414062e+02, 2.928865661621094e+02, 2.929464111328125e+02, 2.929584045410156e+02, 2.929815673828125e+02, 2.929645690917969e+02, 2.934179077148438e+02, 2.93585205078125e+02, 2.933145446777344e+02, 2.931128234863281e+02, 2.9311083984375e+02, 2.928946228027344e+02, 2.929463195800781e+02, 2.929312438964844e+02, 2.929515991210938e+02, 2.929148559570312e+02, 2.933683471679688e+02, 2.934963684082031e+02, 2.932967834472656e+02, 2.932371520996094e+02, 2.931130981445312e+02, 2.928929138183594e+02, 2.929379272460938e+02, 2.929120483398438e+02, 2.929024353027344e+02, 2.9286962890625e+02, 2.933551025390625e+02, 2.935861511230469e+02, 2.933409118652344e+02, 2.931969299316406e+02, 2.930784606933594e+02, 2.9289111328125e+02, 2.929511108398438e+02, 2.929257507324219e+02]
