last-generated=2024-06-28
statistics-initialization=
{
  "linear": "7"
}
statistics-simulation=
{
  "linear": "10, 0, 0",
  "nonlinear": "1, 0, 1, 0, 1, 0, 1",
  "number of continuous time states": "20",
  "numerical Jacobians": "0"
}
time=[0e+00, 1.728e+05]
weaDat.weaBus.TDryBul=[2.713500061035156e+02, 2.714423522949219e+02, 2.713688049316406e+02, 2.711300048828125e+02, 2.708900146484375e+02, 2.706499938964844e+02, 2.704100036621094e+02, 2.701031188964844e+02, 2.696802062988281e+02, 2.693132629394531e+02, 2.689815979003906e+02, 2.687498474121094e+02, 2.687302856445312e+02, 2.684281311035156e+02, 2.677860412597656e+02, 2.674700012207031e+02, 2.672780151367188e+02, 2.670859985351562e+02, 2.668940124511719e+02, 2.667543640136719e+02, 2.674586791992188e+02, 2.682342834472656e+02, 2.686448669433594e+02, 2.692129211425781e+02, 2.700237121582031e+02, 2.708500061035156e+02, 2.716349792480469e+02, 2.723893127441406e+02, 2.729895324707031e+02, 2.733184814453125e+02, 2.734673461914062e+02, 2.735424194335938e+02, 2.735648498535156e+02, 2.73562255859375e+02, 2.734952392578125e+02, 2.733829650878906e+02, 2.733241271972656e+02, 2.733239440917969e+02, 2.734044799804688e+02, 2.735684204101562e+02, 2.736940002441406e+02, 2.737637023925781e+02, 2.737111511230469e+02, 2.734936828613281e+02, 2.733190002441406e+02, 2.73205322265625e+02, 2.731450805664062e+02, 2.731335754394531e+02, 2.7315283203125e+02, 2.732023315429688e+02, 2.7325e+02, 2.732466735839844e+02, 2.732464294433594e+02, 2.733169860839844e+02, 2.734288940429688e+02, 2.735700073242188e+02, 2.737182312011719e+02, 2.738376770019531e+02, 2.739303588867188e+02, 2.739819946289062e+02, 2.740299987792969e+02, 2.740780029296875e+02, 2.741260070800781e+02, 2.741852416992188e+02, 2.742919921875e+02, 2.743815307617188e+02, 2.744320983886719e+02, 2.744386291503906e+02, 2.742976684570312e+02, 2.742652587890625e+02, 2.743667907714844e+02, 2.744607849121094e+02, 2.74489013671875e+02, 2.745615539550781e+02, 2.748076477050781e+02, 2.751499938964844e+02, 2.755416259765625e+02, 2.759237670898438e+02, 2.761777038574219e+02, 2.763310241699219e+02, 2.764301147460938e+02, 2.764605407714844e+02, 2.7639404296875e+02, 2.762903747558594e+02, 2.7616455078125e+02, 2.760198059082031e+02, 2.758236999511719e+02, 2.755619812011719e+02, 2.753553771972656e+02, 2.751993103027344e+02, 2.751300048828125e+02, 2.750820007324219e+02, 2.750339965820312e+02, 2.749859924316406e+02, 2.749522399902344e+02, 2.751499938964844e+02, 2.753774108886719e+02, 2.755320129394531e+02, 2.756587219238281e+02, 2.756750183105469e+02, 2.755499877929688e+02]
outputs.building.TZone[1]=[2.931499938964844e+02, 2.931821594238281e+02, 2.931440124511719e+02, 2.931449584960938e+02, 2.93144775390625e+02, 2.931447143554688e+02, 2.931446533203125e+02, 2.93141845703125e+02, 2.931540832519531e+02, 2.931559143066406e+02, 2.931568298339844e+02, 2.931609191894531e+02, 2.931628723144531e+02, 2.932030334472656e+02, 2.932010192871094e+02, 2.931893615722656e+02, 2.931892395019531e+02, 2.931822814941406e+02, 2.931827392578125e+02, 2.931803283691406e+02, 2.931814270019531e+02, 2.931876831054688e+02, 2.931740417480469e+02, 2.93153076171875e+02, 2.931479187011719e+02, 2.931508178710938e+02, 2.931431884765625e+02, 2.931416320800781e+02, 2.931690063476562e+02, 2.931655578613281e+02, 2.9316748046875e+02, 2.931649780273438e+02, 2.931495056152344e+02, 2.93149658203125e+02, 2.931390991210938e+02, 2.931411743164062e+02, 2.931378173828125e+02, 2.931392211914062e+02, 2.931310729980469e+02, 2.931312561035156e+02, 2.931519165039062e+02, 2.931514282226562e+02, 2.931466064453125e+02, 2.931451110839844e+02, 2.931411743164062e+02, 2.931396484375e+02, 2.918351135253906e+02, 2.909276428222656e+02, 2.908532104492188e+02, 2.907676696777344e+02, 2.906834411621094e+02, 2.906234741210938e+02, 2.905701293945312e+02, 2.905232849121094e+02, 2.904812927246094e+02, 2.904426574707031e+02, 2.904060668945312e+02, 2.903684692382812e+02, 2.903297424316406e+02, 2.902886657714844e+02, 2.902473754882812e+02, 2.902066345214844e+02, 2.901664428710938e+02, 2.934631042480469e+02, 2.931927185058594e+02, 2.931685791015625e+02, 2.931671447753906e+02, 2.931585388183594e+02, 2.93159423828125e+02, 2.931661376953125e+02, 2.931632385253906e+02, 2.931625366210938e+02, 2.9315869140625e+02, 2.931488647460938e+02, 2.93150390625e+02, 2.93152099609375e+02, 2.931493530273438e+02, 2.931492919921875e+02, 2.931531677246094e+02, 2.931538391113281e+02, 2.9315771484375e+02, 2.931553649902344e+02, 2.931505126953125e+02, 2.931507873535156e+02, 2.931510009765625e+02, 2.931512756347656e+02, 2.93146484375e+02, 2.931466064453125e+02, 2.931280212402344e+02, 2.931287536621094e+02, 2.931506652832031e+02, 2.931504821777344e+02, 2.931468811035156e+02, 2.931464233398438e+02, 2.931468200683594e+02, 2.931485900878906e+02, 2.921778869628906e+02, 2.914781188964844e+02, 2.914222412109375e+02, 2.913445129394531e+02, 2.912581481933594e+02]
electricalGrid.PElecGen=[0e+00, 0e+00]
electricalGrid.PElecLoa=[0e+00, 7.94113916015625e+03, 8.01014892578125e+03, 8.08948681640625e+03, 8.1639423828125e+03, 8.2398046875e+03, 8.316478515625e+03, 8.4085107421875e+03, 8.3975048828125e+03, 8.3224951171875e+03, 8.2297421875e+03, 8.11173828125e+03, 7.92496826171875e+03, 7.54983056640625e+03, 6.823652343749998e+03, 6.09450439453125e+03, 5.5368486328125e+03, 4.992851074218749e+03, 4.5405634765625e+03, 4.015431640625e+03, 3.59484130859375e+03, 3.0435498046875e+03, 2.6047529296875e+03, 2.445219970703125e+03, 2.579023681640625e+03, 2.5474970703125e+03, 2.640173583984375e+03, 2.7625576171875e+03, 2.545524414062499e+03, 2.301639404296875e+03, 2.054718017578125e+03, 1.82189990234375e+03, 1.751370483398438e+03, 1.750782592773438e+03, 1.845105224609376e+03, 1.98095849609375e+03, 2.1270498046875e+03, 2.289830322265625e+03, 2.482501708984375e+03, 2.750784912109375e+03, 2.940921142578125e+03, 2.910523681640625e+03, 2.909634765625e+03, 2.977997314453125e+03, 3.054855712890625e+03, 3.21123876953125e+03, 0e+00, 0e+00, 0e+00, 0e+00, 0e+00, 0e+00, 0e+00, 0e+00, 0e+00, 0e+00, 0e+00, 0e+00, 0e+00, 0e+00, 0e+00, 0e+00, 0e+00, 4.6864345703125e+03, 3.75241943359375e+03, 3.25103857421875e+03, 3.001033935546875e+03, 2.788374267578125e+03, 2.679852294921874e+03, 2.464555664062502e+03, 2.239625244140627e+03, 2.050875244140625e+03, 1.898574340820312e+03, 1.8789228515625e+03, 1.921133911132812e+03, 1.90447509765625e+03, 1.915225952148438e+03, 1.922805541992188e+03, 1.883202270507812e+03, 1.835259399414062e+03, 1.73676953125e+03, 1.647532470703125e+03, 1.614908081054688e+03, 1.603034545898438e+03, 1.591032470703125e+03, 1.573591064453125e+03, 1.585214965820312e+03, 1.634187744140625e+03, 1.77666552734375e+03, 2.083842529296875e+03, 2.300395263671875e+03, 2.287618896484375e+03, 2.291545654296875e+03, 2.344634033203125e+03, 2.39546826171875e+03, 2.42413330078125e+03, 0e+00, 0e+00, 0e+00, 0e+00, 0e+00]
