last-generated=2024-08-20
statistics-initialization=
{
  "linear": "0",
  "nonlinear": "5, 7, 1, 2, 1",
  "numerical Jacobians": "0"
}
statistics-simulation=
{
  "linear": "0, 0, 0, 0, 0, 0, 0, 0, 0, 0, 0, 0, 0, 0, 0, 0, 0, 0, 0, 0, 0, 0, 0, 0, 0, 0, 0,   0, 0, 0, 0, 0, 0, 0, 0, 0, 0, 0, 0, 0, 0, 0, 0, 0",
  "nonlinear": "1, 1, 6, 1, 1, 1, 1, 1, 0, 1, 0, 1, 0, 1, 1",
  "number of continuous time states": "104",
  "numerical Jacobians": "0"
}
time=[0e+00, 8.64e+04]
weaDat.weaBus.TDryBul=[2.713500061035156e+02, 2.714065551757812e+02, 2.714423522949219e+02, 2.714366760253906e+02, 2.713688049316406e+02, 2.7125e+02, 2.711300048828125e+02, 2.71010009765625e+02, 2.708900146484375e+02, 2.707699890136719e+02, 2.706499938964844e+02, 2.705299987792969e+02, 2.704100036621094e+02, 2.702814025878906e+02, 2.701031188964844e+02, 2.698934020996094e+02, 2.696802062988281e+02, 2.694894714355469e+02, 2.693132629394531e+02, 2.691443176269531e+02, 2.689815979003906e+02, 2.688259887695312e+02, 2.687498474121094e+02, 2.687407531738281e+02, 2.687302856445312e+02, 2.686499938964844e+02, 2.684281311035156e+02, 2.681062622070312e+02, 2.677860412597656e+02, 2.675690002441406e+02, 2.674700012207031e+02, 2.673739929199219e+02, 2.672780151367188e+02, 2.671820068359375e+02, 2.670859985351562e+02, 2.66989990234375e+02, 2.668940124511719e+02, 2.667980041503906e+02, 2.667543640136719e+02, 2.670124816894531e+02, 2.674586791992188e+02, 2.679197998046875e+02, 2.682342834472656e+02, 2.684475708007812e+02, 2.686448669433594e+02, 2.688818969726562e+02, 2.692129211425781e+02, 2.696084899902344e+02, 2.700237121582031e+02, 2.704428100585938e+02, 2.708500061035156e+02, 2.712447509765625e+02, 2.716349792480469e+02, 2.720175170898438e+02, 2.723893127441406e+02, 2.72725830078125e+02, 2.729895324707031e+02, 2.731852111816406e+02, 2.733184814453125e+02, 2.734028930664062e+02, 2.734673461914062e+02, 2.735138549804688e+02, 2.735424194335938e+02, 2.735553894042969e+02, 2.735648498535156e+02, 2.735686645507812e+02, 2.73562255859375e+02, 2.735403137207031e+02, 2.734952392578125e+02, 2.734378051757812e+02, 2.733829650878906e+02, 2.733453369140625e+02, 2.733241271972656e+02, 2.73316162109375e+02, 2.733239440917969e+02, 2.733500061035156e+02, 2.734044799804688e+02, 2.734835205078125e+02, 2.735684204101562e+02, 2.736405334472656e+02, 2.736940002441406e+02, 2.737383422851562e+02, 2.737637023925781e+02, 2.737596740722656e+02, 2.737111511230469e+02, 2.736122741699219e+02, 2.734936828613281e+02, 2.733878784179688e+02, 2.733190002441406e+02, 2.732585144042969e+02, 2.73205322265625e+02, 2.731657104492188e+02, 2.731450805664062e+02, 2.73135498046875e+02, 2.731335754394531e+02, 2.731393432617188e+02, 2.7315283203125e+02, 2.73175048828125e+02, 2.732023315429688e+02, 2.732291564941406e+02, 2.7325e+02]
hydraulic.generation.sigBusGen.TGenOutMea=[2.931499938964844e+02, 2.985845031738281e+02, 2.996893920898438e+02, 3.101271057128906e+02, 3.127019958496094e+02, 3.085730285644531e+02, 3.089359741210938e+02, 3.091787414550781e+02, 3.093641967773438e+02, 3.095043334960938e+02, 3.096075439453125e+02, 3.096801452636719e+02, 3.097272033691406e+02, 3.097518005371094e+02, 3.097503967285156e+02, 3.097272644042969e+02, 3.096929321289062e+02, 3.096506042480469e+02, 3.096025085449219e+02, 3.095496826171875e+02, 3.094934387207031e+02, 3.0943505859375e+02, 3.093866271972656e+02, 3.093519287109375e+02, 3.093239440917969e+02, 3.092910461425781e+02, 3.092496948242188e+02, 3.092096557617188e+02, 3.094976501464844e+02, 3.101735534667969e+02, 3.099951477050781e+02, 3.098485717773438e+02, 3.159331359863281e+02, 3.104535217285156e+02, 3.105039367675781e+02, 3.102860717773438e+02, 3.101209716796875e+02, 3.162254638671875e+02, 3.107933349609375e+02, 3.108171691894531e+02, 3.106904296875e+02, 3.106507263183594e+02, 3.106561279296875e+02, 3.1069140625e+02, 3.107480163574219e+02, 3.108197326660156e+02, 3.109054260253906e+02, 3.10998779296875e+02, 3.111002197265625e+02, 3.1122119140625e+02, 3.113541564941406e+02, 3.114911499023438e+02, 3.116299743652344e+02, 3.117700805664062e+02, 3.191100463867188e+02, 3.260171508789063e+02, 3.332741394042969e+02, 3.066776428222663e+02, 3.084098815917969e+02, 3.092023010253906e+02, 3.098700866699219e+02, 3.104349365234375e+02, 3.108172607421875e+02, 3.1095556640625e+02, 3.109883728027344e+02, 3.109701843261719e+02, 3.109372863769531e+02, 3.109097595214844e+02, 3.1089892578125e+02, 3.109066162109375e+02, 3.109267272949219e+02, 3.109487915039062e+02, 3.109666137695312e+02, 3.109778442382812e+02, 3.109800720214844e+02, 3.109708251953125e+02, 3.109435729980469e+02, 3.108973388671875e+02, 3.108412780761719e+02, 3.107857055664062e+02, 3.107395935058594e+02, 3.107044677734375e+02, 3.106805725097656e+02, 3.10673095703125e+02, 3.106901245117188e+02, 3.107374267578125e+02, 3.10805908203125e+02, 3.10879638671875e+02, 3.109414367675781e+02, 3.1099462890625e+02, 3.110399475097656e+02, 3.110755615234375e+02, 3.110989685058594e+02, 3.111142883300781e+02, 3.111222534179688e+02, 3.182286376953125e+02, 3.253916625976562e+02, 3.327807922363281e+02, 3.1141845703125e+02, 3.081356201171875e+02, 3.089524841308594e+02]
outputs.building.TZone[1]=[2.931499938964844e+02, 2.890787048339844e+02, 2.890960998535156e+02, 2.893491516113281e+02, 2.89771240234375e+02, 2.899483642578125e+02, 2.899201354980469e+02, 2.899043884277344e+02, 2.898891296386719e+02, 2.898709411621094e+02, 2.898492736816406e+02, 2.898242797851562e+02, 2.897964172363281e+02, 2.897655334472656e+02, 2.897265319824219e+02, 2.896986694335938e+02, 2.896846008300781e+02, 2.89672607421875e+02, 2.896630859375e+02, 2.896548156738281e+02, 2.89647705078125e+02, 2.896417846679688e+02, 2.896437377929688e+02, 2.896566772460938e+02, 2.896729125976562e+02, 2.896839294433594e+02, 2.897852478027344e+02, 2.899120178222656e+02, 2.901305236816406e+02, 2.903436279296875e+02, 2.904402160644531e+02, 2.905257873535156e+02, 2.906203918457031e+02, 2.908652038574219e+02, 2.909515380859375e+02, 2.910092468261719e+02, 2.910801696777344e+02, 2.911781921386719e+02, 2.914369812011719e+02, 2.915154113769531e+02, 2.915943603515625e+02, 2.9171728515625e+02, 2.9185400390625e+02, 2.91982177734375e+02, 2.920891418457031e+02, 2.921548767089844e+02, 2.921810607910156e+02, 2.921530151367188e+02, 2.921388549804688e+02, 2.921616821289062e+02, 2.921896057128906e+02, 2.92193359375e+02, 2.921928405761719e+02, 2.921890258789062e+02, 2.921590270996094e+02, 2.919815063476562e+02, 2.917811889648438e+02, 2.917266845703125e+02, 2.919604797363281e+02, 2.920803527832031e+02, 2.922116394042969e+02, 2.9233837890625e+02, 2.924561157226562e+02, 2.925439758300781e+02, 2.925845642089844e+02, 2.926092834472656e+02, 2.926236572265625e+02, 2.92625e+02, 2.925987243652344e+02, 2.925732727050781e+02, 2.92551513671875e+02, 2.925318298339844e+02, 2.925026245117188e+02, 2.924727478027344e+02, 2.924440612792969e+02, 2.924166870117188e+02, 2.923656005859375e+02, 2.923044738769531e+02, 2.922402954101562e+02, 2.921726379394531e+02, 2.92144775390625e+02, 2.9214794921875e+02, 2.9215234375e+02, 2.92156494140625e+02, 2.9215380859375e+02, 2.921416625976562e+02, 2.92129638671875e+02, 2.921198120117188e+02, 2.921073303222656e+02, 2.920817260742188e+02, 2.920556335449219e+02, 2.920301818847656e+02, 2.920104675292969e+02, 2.920176086425781e+02, 2.920272216796875e+02, 2.920265808105469e+02, 2.918418884277344e+02, 2.915769348144531e+02, 2.914307861328125e+02, 2.916329040527344e+02, 2.916893615722656e+02]
electricalGrid.PElecGen=[0e+00, 0e+00]
electricalGrid.PElecLoa=[1.257892211914062e+03, 1.379450317382812e+03, 1.379924438476562e+03, 6.94800537109375e+03, 6.42357275390625e+03, 1.377375732421875e+03, 1.375777709960938e+03, 1.374174438476562e+03, 1.375338500976562e+03, 1.376440551757812e+03, 1.376892700195312e+03, 1.376802490234375e+03, 1.376258544921875e+03, 1.375215209960938e+03, 1.37313818359375e+03, 1.370307373046875e+03, 1.36722607421875e+03, 1.364257202148438e+03, 1.361351684570312e+03, 1.358444702148438e+03, 1.355548706054688e+03, 1.3526982421875e+03, 1.35097412109375e+03, 1.350289428710938e+03, 1.349698608398438e+03, 1.348180786132812e+03, 1.344802856445312e+03, 1.340226196289062e+03, 1.341451538085938e+03, 1.349699829101562e+03, 1.3455224609375e+03, 1.341948364257812e+03, 6.286375e+03, 1.349807250976562e+03, 1.349206665039062e+03, 1.344399536132812e+03, 1.340489624023438e+03, 6.29051123046875e+03, 1.350042114257812e+03, 1.353537231445312e+03, 1.357023193359375e+03, 1.3620361328125e+03, 1.366013549804688e+03, 1.369357055664062e+03, 1.372848999023438e+03, 1.377092651367188e+03, 1.38273779296875e+03, 1.389276977539062e+03, 1.396153442382812e+03, 1.403382568359375e+03, 1.410650512695312e+03, 1.4178154296875e+03, 1.42493701171875e+03, 1.431973022460938e+03, 1.576473876953125e+03, 1.692014770507813e+03, 1.799294189453126e+03, 1.4024482421875e+03, 1.404179565429688e+03, 1.405273071289062e+03, 1.411667724609375e+03, 1.422715087890625e+03, 1.3811630859375e+03, 1.271947998046875e+03, 1.190065551757812e+03, 1.136101806640625e+03, 1.104355590820312e+03, 1.090071533203125e+03, 1.090688842773438e+03, 1.1000107421875e+03, 1.111705078125e+03, 1.120757690429688e+03, 1.126332885742188e+03, 1.1290146484375e+03, 1.128268920898438e+03, 1.1238115234375e+03, 1.114763305664062e+03, 1.102788940429688e+03, 1.091172729492188e+03, 1.083729248046875e+03, 1.080769653320312e+03, 1.077684936523438e+03, 1.077255615234375e+03, 1.08167919921875e+03, 1.09400634765625e+03, 1.116322143554688e+03, 1.142570678710938e+03, 1.165322021484375e+03, 1.178676635742188e+03, 1.188754638671875e+03, 1.196912353515625e+03, 1.202248779296875e+03, 1.203822021484375e+03, 1.202216674804688e+03, 1.198678588867188e+03, 1.57024951171875e+03, 1.690225952148438e+03, 1.796236083984375e+03, 6.14198291015625e+03, 1.403021362304688e+03, 1.403292236328125e+03]
