last-generated=2025-04-15
statistics-initialization=
{
  "nonlinear": "5, 7, 1, 1",
  "numerical Jacobians": "0"
}
statistics-simulation=
{
  "linear": "0, 0, 0, 0, 0, 0, 0",
  "nonlinear": "6, 1, 0, 1, 0, 1, 0, 1, 1, 1",
  "number of continuous time states": "61",
  "numerical Jacobians": "0"
}
time=[0e+00, 1.728e+05]
weaDat.weaBus.TDryBul=[2.711499938964844e+02, 2.711964111328125e+02, 2.711585388183594e+02, 2.710329895019531e+02, 2.708773498535156e+02, 2.706598205566406e+02, 2.704615478515625e+02, 2.704500122070312e+02, 2.704500122070312e+02, 2.704500122070312e+02, 2.704500122070312e+02, 2.704904479980469e+02, 2.706648559570312e+02, 2.708219909667969e+02, 2.709660034179688e+02, 2.710835876464844e+02, 2.710487060546875e+02, 2.710967712402344e+02, 2.713839721679688e+02, 2.715577392578125e+02, 2.713986511230469e+02, 2.713771667480469e+02, 2.716394348144531e+02, 2.718602600097656e+02, 2.719464111328125e+02, 2.720499877929688e+02, 2.722364196777344e+02, 2.724353637695312e+02, 2.725456237792969e+02, 2.726259155273438e+02, 2.730393371582031e+02, 2.736041564941406e+02, 2.736746826171875e+02, 2.736636657714844e+02, 2.736180114746094e+02, 2.735700073242188e+02, 2.735389404296875e+02, 2.735155944824219e+02, 2.7335400390625e+02, 2.731619873046875e+02, 2.729700012207031e+02, 2.727780151367188e+02, 2.72593994140625e+02, 2.724955749511719e+02, 2.724342651367188e+02, 2.723796081542969e+02, 2.723463134765625e+02, 2.723376770019531e+02, 2.723522033691406e+02, 2.724003295898438e+02, 2.724500122070312e+02, 2.724666442871094e+02, 2.724525451660156e+02, 2.724020690917969e+02, 2.722803344726562e+02, 2.720899963378906e+02, 2.718980102539062e+02, 2.717059936523438e+02, 2.715140075683594e+02, 2.713631591796875e+02, 2.713411865234375e+02, 2.713729858398438e+02, 2.714293518066406e+02, 2.714556884765625e+02, 2.714446716308594e+02, 2.714856872558594e+02, 2.716668701171875e+02, 2.717514038085938e+02, 2.716672058105469e+02, 2.716678771972656e+02, 2.71758056640625e+02, 2.718697814941406e+02, 2.7200390625e+02, 2.721656494140625e+02, 2.724968872070312e+02, 2.728500061035156e+02, 2.729950561523438e+02, 2.729598999023438e+02, 2.725846862792969e+02, 2.721623229980469e+02, 2.721732788085938e+02, 2.722332153320312e+02, 2.723517456054688e+02, 2.724693908691406e+02, 2.722129516601562e+02, 2.715361633300781e+02, 2.708384399414062e+02, 2.701152648925781e+02, 2.6966552734375e+02, 2.693913269042969e+02, 2.691483459472656e+02, 2.68912841796875e+02, 2.686530456542969e+02, 2.682867126464844e+02, 2.680051879882812e+02, 2.680009765625e+02, 2.679133911132812e+02, 2.676651611328125e+02, 2.674332275390625e+02, 2.672374267578125e+02, 2.670499877929688e+02]
hydraulic.generation.sigBusGen.TGenOutMea=[2.931499938964844e+02, 3.201964416503906e+02, 3.219591064453125e+02, 3.221442565917969e+02, 3.223180847167969e+02, 3.225404357910156e+02, 3.22758056640625e+02, 3.227863464355469e+02, 3.227908325195312e+02, 3.227929992675781e+02, 3.227937316894531e+02, 3.227601623535156e+02, 3.225887756347656e+02, 3.224254150390625e+02, 3.222843017578125e+02, 3.221564636230469e+02, 3.22176025390625e+02, 3.221380004882812e+02, 3.218504943847656e+02, 3.216486511230469e+02, 3.21789794921875e+02, 3.2183447265625e+02, 3.215759582519531e+02, 3.130109558105469e+02, 2.971643981933594e+02, 2.921207885742188e+02, 2.901938171386719e+02, 2.892941589355469e+02, 3.186767883300782e+02, 3.20464599609375e+02, 3.201195373535156e+02, 3.195244445800781e+02, 3.194186401367188e+02, 3.194220886230469e+02, 3.194655456542969e+02, 3.195142822265625e+02, 3.023244323730469e+02, 2.938888549804688e+02, 2.909539794921875e+02, 2.896427917480469e+02, 3.088691101074219e+02, 3.201650085449219e+02, 3.205055541992188e+02, 3.20634765625e+02, 3.207043762207031e+02, 3.207619323730469e+02, 3.20798583984375e+02, 3.208121643066406e+02, 3.207999572753906e+02, 3.207518310546875e+02, 3.206984558105469e+02, 3.206788330078125e+02, 3.206911926269531e+02, 3.207405395507812e+02, 3.208611145019531e+02, 3.210567932128906e+02, 3.212579040527344e+02, 3.214593811035156e+02, 3.216609497070312e+02, 3.218262634277344e+02, 3.218592834472656e+02, 3.218302612304688e+02, 3.217726440429688e+02, 3.217444763183594e+02, 3.217616271972656e+02, 3.217278747558594e+02, 3.215422668457031e+02, 3.214382934570312e+02, 3.215144348144531e+02, 3.215252990722656e+02, 3.214354248046875e+02, 3.213304443359375e+02, 3.211951904296875e+02, 3.132162780761719e+02, 2.982813110351562e+02, 2.935074462890625e+02, 2.916800231933594e+02, 2.908116760253906e+02, 3.196144409179688e+02, 3.209407653808594e+02, 3.209829406738281e+02, 3.209291076660156e+02, 3.208120422363281e+02, 3.206813659667969e+02, 3.20913818359375e+02, 3.215963134765625e+02, 3.038882141113281e+02, 2.951408386230469e+02, 2.921091613769531e+02, 2.9074658203125e+02, 3.08985107421875e+02, 3.233118896484375e+02, 3.245846252441406e+02, 3.250119323730469e+02, 3.253847045898438e+02, 3.253771362304688e+02, 3.254770202636719e+02, 3.25779052734375e+02, 3.260311584472656e+02, 3.262246704101562e+02, 3.264155883789062e+02]
outputs.building.TZone[1]=[2.931499938964844e+02, 2.894028930664062e+02, 2.897433166503906e+02, 2.896828002929688e+02, 2.896180114746094e+02, 2.895481567382812e+02, 2.894801330566406e+02, 2.894251098632812e+02, 2.894227600097656e+02, 2.89438232421875e+02, 2.894561767578125e+02, 2.894788513183594e+02, 2.8951025390625e+02, 2.896388854980469e+02, 2.899460144042969e+02, 2.902330627441406e+02, 2.904318542480469e+02, 2.906316528320312e+02, 2.907941589355469e+02, 2.909445190429688e+02, 2.910327758789062e+02, 2.91134765625e+02, 2.912315368652344e+02, 2.9125634765625e+02, 2.892859497070312e+02, 2.886295471191406e+02, 2.883195190429688e+02, 2.881067199707031e+02, 2.901700439453125e+02, 2.909407348632812e+02, 2.911273803710938e+02, 2.912704467773438e+02, 2.913471374511719e+02, 2.913884887695312e+02, 2.91390625e+02, 2.913684387207031e+02, 2.901469421386719e+02, 2.89002197265625e+02, 2.885092468261719e+02, 2.8812890625e+02, 2.887261352539062e+02, 2.904457092285156e+02, 2.905753784179688e+02, 2.906030578613281e+02, 2.90608642578125e+02, 2.905682983398438e+02, 2.905307006835938e+02, 2.90556640625e+02, 2.905846557617188e+02, 2.905914916992188e+02, 2.905946350097656e+02, 2.906169738769531e+02, 2.906435852050781e+02, 2.906712951660156e+02, 2.907004699707031e+02, 2.907326965332031e+02, 2.907663879394531e+02, 2.90800537109375e+02, 2.90835205078125e+02, 2.908707580566406e+02, 2.909032287597656e+02, 2.909324645996094e+02, 2.909604187011719e+02, 2.910689697265625e+02, 2.91328369140625e+02, 2.915608215332031e+02, 2.916870727539062e+02, 2.917957458496094e+02, 2.918661804199219e+02, 2.919534301757812e+02, 2.920407104492188e+02, 2.923091735839844e+02, 2.925849914550781e+02, 2.927090454101562e+02, 2.909250183105469e+02, 2.903513793945312e+02, 2.900541687011719e+02, 2.898271179199219e+02, 2.918234558105469e+02, 2.923558654785156e+02, 2.924460144042969e+02, 2.925171508789062e+02, 2.925611572265625e+02, 2.925851440429688e+02, 2.926217651367188e+02, 2.9269482421875e+02, 2.914618530273438e+02, 2.902488403320312e+02, 2.897279357910156e+02, 2.893003845214844e+02, 2.898223266601562e+02, 2.916614990234375e+02, 2.920470275878906e+02, 2.920881652832031e+02, 2.921127624511719e+02, 2.92114013671875e+02, 2.921068115234375e+02, 2.921369018554688e+02, 2.921651916503906e+02, 2.921661071777344e+02, 2.921629028320312e+02]
electricalGrid.PElecGen=[0e+00, 0e+00]
electricalGrid.PElecLoa=[2.912937663495541e-03, 4.11197802734375e+03, 3.198286376953125e+03, 3.254724853515625e+03, 3.318714111328125e+03, 3.4072392578125e+03, 3.475273681640625e+03, 3.4816357421875e+03, 3.4880517578125e+03, 3.489844970703125e+03, 3.4908642578125e+03, 3.471215087890625e+03, 3.408114990234375e+03, 3.352261962890625e+03, 3.26655322265625e+03, 3.19242041015625e+03, 3.18232666015625e+03, 3.131840576171875e+03, 3.03008349609375e+03, 2.984477294921875e+03, 3.02660986328125e+03, 2.99886376953125e+03, 2.910465576171875e+03, -4.725874168798327e-04, -4.725874168798327e-04, -4.725874168798327e-04, -4.725874168798327e-04, -4.725874168798327e-04, 4.012111816406255e+03, 2.72898193359375e+03, 2.575464111328125e+03, 2.455452392578125e+03, 2.45110302734375e+03, 2.450418212890625e+03, 2.458200927734375e+03, 2.468439697265625e+03, -4.725874168798327e-04, -4.725874168798327e-04, -4.725874168798327e-04, -4.725874168798327e-04, 3.58784619140625e+03, 2.8240478515625e+03, 2.798205322265625e+03, 2.812407470703125e+03, 2.8246240234375e+03, 2.840144775390625e+03, 2.850665283203125e+03, 2.849189453125e+03, 2.840646728515625e+03, 2.8251591796875e+03, 2.813273193359375e+03, 2.80881884765625e+03, 2.81078857421875e+03, 2.822306640625e+03, 2.853785400390625e+03, 2.89888134765625e+03, 2.94215771484375e+03, 2.985600830078125e+03, 3.0291953125e+03, 3.05689306640625e+03, 3.0517060546875e+03, 3.037557861328125e+03, 3.01917431640625e+03, 3.00647216796875e+03, 2.98040673828125e+03, 2.932690673828125e+03, 2.86472412109375e+03, 2.8402685546875e+03, 2.85661474609375e+03, 2.834222900390625e+03, 2.795830078125e+03, 2.730678955078125e+03, 2.65046435546875e+03, -4.725874168798327e-04, -4.725874168798327e-04, -4.725874168798327e-04, -4.725874168798327e-04, -4.725874168798327e-04, 3.399355712890625e+03, 2.66572705078125e+03, 2.63106494140625e+03, 2.6085498046875e+03, 2.573428466796875e+03, 2.55190869140625e+03, 2.6276435546875e+03, 2.80008203125e+03, -4.725874168798327e-04, -4.725874168798327e-04, -4.725874168798327e-04, -4.725874168798327e-04, 3.525259033203125e+03, 4.32126025390625e+03, 3.702709228515625e+03, 3.82015625e+03, 4.008312255859375e+03, 3.979798583984375e+03, 4.098595703125e+03, 4.3592216796875e+03, 4.58434326171875e+03, 4.79861328125e+03, 5.01293994140625e+03]
