last-generated=2024-09-02
statistics-initialization=
{
  "nonlinear": "0, 0, 5, 7, 3, 3, 1, 1",
  "numerical Jacobians": "0"
}
statistics-simulation=
{
  "linear": "0, 0, 0, 0, 0, 0, 0, 0, 0, 0, 0, 0, 0, 0, 0, 0, 0, 0, 0, 0, 0, 0, 0, 0, 0, 0, 0,   0, 0, 0, 0, 0, 0, 0, 0, 0, 0, 0, 0, 0, 0, 0, 0, 0, 0, 0, 0, 7, 0, 0, 0, 0, 0,   0, 0, 0, 0",
  "nonlinear": "1, 6, 2, 1, 1, 1, 1, 1, 1, 1, 1, 1, 0, 1, 0, 1, 0, 1, 1, 1",
  "number of continuous time states": "140",
  "numerical Jacobians": "0"
}
time=[0e+00, 1.728e+05]
weaDat.weaBus.TDryBul=[2.711499938964844e+02, 2.711964111328125e+02, 2.711585388183594e+02, 2.710329895019531e+02, 2.708773498535156e+02, 2.706598205566406e+02, 2.704615478515625e+02, 2.704500122070312e+02, 2.704500122070312e+02, 2.704500122070312e+02, 2.704500122070312e+02, 2.704904479980469e+02, 2.706648559570312e+02, 2.708219909667969e+02, 2.709660034179688e+02, 2.710835876464844e+02, 2.710487060546875e+02, 2.710967712402344e+02, 2.713839721679688e+02, 2.715577392578125e+02, 2.713986511230469e+02, 2.713771667480469e+02, 2.716394348144531e+02, 2.718602600097656e+02, 2.719464111328125e+02, 2.720499877929688e+02, 2.722364196777344e+02, 2.724353637695312e+02, 2.725456237792969e+02, 2.726259155273438e+02, 2.730393371582031e+02, 2.736041564941406e+02, 2.736746826171875e+02, 2.736636657714844e+02, 2.736180114746094e+02, 2.735700073242188e+02, 2.735389404296875e+02, 2.735155944824219e+02, 2.7335400390625e+02, 2.731619873046875e+02, 2.729700012207031e+02, 2.727780151367188e+02, 2.72593994140625e+02, 2.724955749511719e+02, 2.724342651367188e+02, 2.723796081542969e+02, 2.723463134765625e+02, 2.723376770019531e+02, 2.723522033691406e+02, 2.724003295898438e+02, 2.724500122070312e+02, 2.724666442871094e+02, 2.724525451660156e+02, 2.724020690917969e+02, 2.722803344726562e+02, 2.720899963378906e+02, 2.718980102539062e+02, 2.717059936523438e+02, 2.715140075683594e+02, 2.713631591796875e+02, 2.713411865234375e+02, 2.713729858398438e+02, 2.714293518066406e+02, 2.714556884765625e+02, 2.714446716308594e+02, 2.714856872558594e+02, 2.716668701171875e+02, 2.717514038085938e+02, 2.716672058105469e+02, 2.716678771972656e+02, 2.71758056640625e+02, 2.718697814941406e+02, 2.7200390625e+02, 2.721656494140625e+02, 2.724968872070312e+02, 2.728500061035156e+02, 2.729950561523438e+02, 2.729598999023438e+02, 2.725846862792969e+02, 2.721623229980469e+02, 2.721732788085938e+02, 2.722332153320312e+02, 2.723517456054688e+02, 2.724693908691406e+02, 2.722129516601562e+02, 2.715361633300781e+02, 2.708384399414062e+02, 2.701152648925781e+02, 2.6966552734375e+02, 2.693913269042969e+02, 2.691483459472656e+02, 2.68912841796875e+02, 2.686530456542969e+02, 2.682867126464844e+02, 2.680051879882812e+02, 2.680009765625e+02, 2.679133911132812e+02, 2.676651611328125e+02, 2.674332275390625e+02, 2.672374267578125e+02, 2.670499877929688e+02]
hydraulic.generation.sigBusGen.TGenOutMea=[2.931499938964844e+02, 3.331510620117188e+02, 3.085346374511719e+02, 3.146472778320312e+02, 3.175578308105469e+02, 3.199057922363281e+02, 3.217738037109375e+02, 3.228920288085938e+02, 3.229826049804688e+02, 3.228909912109375e+02, 3.228237915039062e+02, 3.227674255371094e+02, 3.225997009277344e+02, 3.224251403808594e+02, 3.222757263183594e+02, 3.221478881835938e+02, 3.221583862304688e+02, 3.221338195800781e+02, 3.218729858398438e+02, 3.319534912109375e+02, 3.217456665039062e+02, 3.22019287109375e+02, 3.217010192871094e+02, 3.213742370605469e+02, 3.212290649414062e+02, 3.211210327148438e+02, 3.209393615722656e+02, 3.207279052734375e+02, 3.205959777832031e+02, 3.205169067382812e+02, 3.201502990722656e+02, 3.195457458496094e+02, 3.193879089355469e+02, 3.193970642089844e+02, 3.194542541503906e+02, 3.195109558105469e+02, 3.195497741699219e+02, 3.195701599121094e+02, 3.197159729003906e+02, 3.199167785644531e+02, 3.201231994628906e+02, 3.203307800292969e+02, 3.205294799804688e+02, 3.200492248535156e+02, 3.208774108886719e+02, 3.208696594238281e+02, 3.208370666503906e+02, 3.208210754394531e+02, 3.208017272949219e+02, 3.207542724609375e+02, 3.206993408203125e+02, 3.206754455566406e+02, 3.206860961914062e+02, 3.233669738769531e+02, 3.205806274414062e+02, 3.212389221191406e+02, 3.213660888671875e+02, 3.214967956542969e+02, 3.216680603027344e+02, 3.218291931152344e+02, 3.2187255859375e+02, 3.218432312011719e+02, 3.2178076171875e+02, 3.217421569824219e+02, 3.217523803710938e+02, 3.217254943847656e+02, 3.215536193847656e+02, 3.214366149902344e+02, 3.214978332519531e+02, 3.332619628906246e+02, 3.215209350585938e+02, 3.215213928222656e+02, 3.212807312011719e+02, 3.210462341308594e+02, 3.206800842285156e+02, 3.202876892089844e+02, 3.201111755371094e+02, 3.201406555175781e+02, 3.204899597167969e+02, 3.209624938964844e+02, 3.210255737304688e+02, 3.209642333984375e+02, 3.20841796875e+02, 3.207010498046875e+02, 3.208944091796875e+02, 3.215527954101562e+02, 3.223085632324219e+02, 3.230887451171875e+02, 3.236229248046875e+02, 3.239151000976562e+02, 3.241432189941406e+02, 3.243841857910156e+02, 3.246472778320312e+02, 3.246991271972656e+02, 3.251536560058594e+02, 3.255575866699219e+02, 3.255771179199219e+02, 3.257283935546875e+02, 3.259412536621094e+02, 3.261429138183594e+02, 3.263380737304688e+02]
outputs.building.TZone[1]=[2.931499938964844e+02, 2.873885803222656e+02, 2.883146362304688e+02, 2.886181640625e+02, 2.888155212402344e+02, 2.889564208984375e+02, 2.890586242675781e+02, 2.891552124023438e+02, 2.892072143554688e+02, 2.8922705078125e+02, 2.892422485351562e+02, 2.892656860351562e+02, 2.893038940429688e+02, 2.8943505859375e+02, 2.897421875e+02, 2.900301818847656e+02, 2.902254028320312e+02, 2.904280090332031e+02, 2.90601806640625e+02, 2.905891418457031e+02, 2.907194519042969e+02, 2.909299011230469e+02, 2.910458679199219e+02, 2.91125732421875e+02, 2.911226806640625e+02, 2.91126220703125e+02, 2.911091918945312e+02, 2.910744934082031e+02, 2.911767883300781e+02, 2.913075866699219e+02, 2.914649047851562e+02, 2.91601806640625e+02, 2.916482238769531e+02, 2.916746215820312e+02, 2.91669189453125e+02, 2.916407775878906e+02, 2.916039733886719e+02, 2.915512084960938e+02, 2.914726257324219e+02, 2.913554992675781e+02, 2.912718505859375e+02, 2.912905578613281e+02, 2.913075256347656e+02, 2.910589294433594e+02, 2.9127392578125e+02, 2.91231201171875e+02, 2.911730651855469e+02, 2.911844177246094e+02, 2.912015991210938e+02, 2.911996765136719e+02, 2.911937255859375e+02, 2.912056884765625e+02, 2.9122216796875e+02, 2.912392883300781e+02, 2.910975036621094e+02, 2.912648010253906e+02, 2.913008422851562e+02, 2.913207092285156e+02, 2.913430480957031e+02, 2.913702392578125e+02, 2.913995971679688e+02, 2.914238891601562e+02, 2.914453735351562e+02, 2.915458374023438e+02, 2.917975158691406e+02, 2.9202587890625e+02, 2.921530151367188e+02, 2.922543334960938e+02, 2.923122863769531e+02, 2.921795959472656e+02, 2.923882141113281e+02, 2.9274169921875e+02, 2.93012451171875e+02, 2.931769714355469e+02, 2.932521667480469e+02, 2.932715454101562e+02, 2.932267150878906e+02, 2.931785888671875e+02, 2.931556396484375e+02, 2.931809692382812e+02, 2.932311401367188e+02, 2.93263916015625e+02, 2.93271484375e+02, 2.932623901367188e+02, 2.932527770996094e+02, 2.932684631347656e+02, 2.932897338867188e+02, 2.932980651855469e+02, 2.93256103515625e+02, 2.931337280273438e+02, 2.930523986816406e+02, 2.930644226074219e+02, 2.930715026855469e+02, 2.930216674804688e+02, 2.929947509765625e+02, 2.930682678222656e+02, 2.9306201171875e+02, 2.930636596679688e+02, 2.930736694335938e+02, 2.930670776367188e+02, 2.930592346191406e+02]
electricalGrid.PElecGen=[0e+00, 0e+00]
electricalGrid.PElecLoa=[3.82371875e+03, 5.74616015625e+03, 3.82386865234375e+03, 4.112314453125e+03, 4.35443310546875e+03, 4.55095263671875e+03, 4.7068037109375e+03, 4.395887207031249e+03, 3.76545458984375e+03, 3.551201171875e+03, 3.5181181640625e+03, 3.497631103515625e+03, 3.4045029296875e+03, 3.346917724609375e+03, 3.284353759765625e+03, 3.22782373046875e+03, 3.26311376953125e+03, 3.218650634765625e+03, 3.033281982421875e+03, 5.7061630859375e+03, 4.040356689453125e+03, 3.326897705078125e+03, 2.938292724609375e+03, 2.829714111328125e+03, 2.844253173828125e+03, 2.830643798828125e+03, 2.768370849609375e+03, 2.716517333984375e+03, 2.712102783203125e+03, 2.6953525390625e+03, 2.500169189453125e+03, 2.312318115234375e+03, 2.396698486328125e+03, 2.452661865234375e+03, 2.48030029296875e+03, 2.49470654296875e+03, 2.497332763671875e+03, 2.5057890625e+03, 2.586399169921875e+03, 2.66282080078125e+03, 2.724134765625e+03, 2.77195751953125e+03, 2.809474365234375e+03, 4.3133515625e+03, 3.061151123046875e+03, 2.837262451171875e+03, 2.7984306640625e+03, 2.794498779296875e+03, 2.786566162109375e+03, 2.765618896484375e+03, 2.751206787109375e+03, 2.755654541015625e+03, 2.769605224609375e+03, 4.75617724609375e+03, 4.131091796875e+03, 3.203729003906247e+03, 3.0123017578125e+03, 3.00883544921875e+03, 3.059397216796875e+03, 3.090153564453125e+03, 3.047042236328125e+03, 2.997980224609375e+03, 2.95907568359375e+03, 2.95250634765625e+03, 2.95059814453125e+03, 2.90694091796875e+03, 2.80371044921875e+03, 2.782622802734375e+03, 2.844747314453125e+03, 5.818846191406215e+03, 3.535761230468764e+03, 2.862847900390625e+03, 2.63636328125e+03, 2.543682861328125e+03, 2.462817138671875e+03, 2.41982958984375e+03, 2.449737548828125e+03, 2.494030517578125e+03, 2.657145751953125e+03, 2.765831298828125e+03, 2.628815673828125e+03, 2.52773046875e+03, 2.42752294921875e+03, 2.364412841796875e+03, 2.49532763671875e+03, 2.786420654296875e+03, 2.98231689453125e+03, 3.159032958984375e+03, 3.14065478515625e+03, 3.12006982421875e+03, 3.18985791015625e+03, 3.264684814453125e+03, 3.36218896484375e+03, 4.041079345703125e+03, 4.9203505859375e+03, 4.0494130859375e+03, 3.71799462890625e+03, 3.77489306640625e+03, 3.8723271484375e+03, 3.95245849609375e+03, 4.03549267578125e+03]
