last-generated=2025-12-09
statistics-initialization=
{
  "nonlinear": "5, 8, 1, 1, 1, 1, 1",
  "numerical Jacobians": "0"
}
statistics-simulation=
{
  "linear": "0, 0, 0, 0, 0, 0, 0, 0",
  "nonlinear": "1, 1, 1, 6, 1, 0, 1, 0, 1, 0, 1, 1, 1",
  "number of continuous time states": "83",
  "numerical Jacobians": "0"
}
time=[0e+00, 1.728e+05]
weaDat.weaBus.TDryBul=[2.711499938964844e+02, 2.711964111328125e+02, 2.711585388183594e+02, 2.710329895019531e+02, 2.708773498535156e+02, 2.706598205566406e+02, 2.704615478515625e+02, 2.704500122070312e+02, 2.704500122070312e+02, 2.704500122070312e+02, 2.704500122070312e+02, 2.704904479980469e+02, 2.706648559570312e+02, 2.708219909667969e+02, 2.709660034179688e+02, 2.710835876464844e+02, 2.710487060546875e+02, 2.710967712402344e+02, 2.713839721679688e+02, 2.715577392578125e+02, 2.713986511230469e+02, 2.713771667480469e+02, 2.716394348144531e+02, 2.718602600097656e+02, 2.719464111328125e+02, 2.720499877929688e+02, 2.722364196777344e+02, 2.724353637695312e+02, 2.725456237792969e+02, 2.726259155273438e+02, 2.730393371582031e+02, 2.736041564941406e+02, 2.736746826171875e+02, 2.736636657714844e+02, 2.736180114746094e+02, 2.735700073242188e+02, 2.735389404296875e+02, 2.735155944824219e+02, 2.7335400390625e+02, 2.731619873046875e+02, 2.729700012207031e+02, 2.727780151367188e+02, 2.72593994140625e+02, 2.724955749511719e+02, 2.724342651367188e+02, 2.723796081542969e+02, 2.723463134765625e+02, 2.723376770019531e+02, 2.723522033691406e+02, 2.724003295898438e+02, 2.724500122070312e+02, 2.724666442871094e+02, 2.724525451660156e+02, 2.724020690917969e+02, 2.722803344726562e+02, 2.720899963378906e+02, 2.718980102539062e+02, 2.717059936523438e+02, 2.715140075683594e+02, 2.713631591796875e+02, 2.713411865234375e+02, 2.713729858398438e+02, 2.714293518066406e+02, 2.714556884765625e+02, 2.714446716308594e+02, 2.714856872558594e+02, 2.716668701171875e+02, 2.717514038085938e+02, 2.716672058105469e+02, 2.716678771972656e+02, 2.71758056640625e+02, 2.718697814941406e+02, 2.7200390625e+02, 2.721656494140625e+02, 2.724968872070312e+02, 2.728500061035156e+02, 2.729950561523438e+02, 2.729598999023438e+02, 2.725846862792969e+02, 2.721623229980469e+02, 2.721732788085938e+02, 2.722332153320312e+02, 2.723517456054688e+02, 2.724693908691406e+02, 2.722129516601562e+02, 2.715361633300781e+02, 2.708384399414062e+02, 2.701152648925781e+02, 2.6966552734375e+02, 2.693913269042969e+02, 2.691483459472656e+02, 2.68912841796875e+02, 2.686530456542969e+02, 2.682867126464844e+02, 2.680051879882812e+02, 2.680009765625e+02, 2.679133911132812e+02, 2.676651611328125e+02, 2.674332275390625e+02, 2.672374267578125e+02, 2.670499877929688e+02]
hydraulic.generation.sigBusGen.TGenOutMea=[2.931499938964844e+02, 3.071854248046875e+02, 3.135884094238281e+02, 3.18256591796875e+02, 3.215538330078125e+02, 3.227467346191406e+02, 3.228920288085938e+02, 3.228397827148438e+02, 3.228031616210938e+02, 3.22793701171875e+02, 3.227928771972656e+02, 3.227630615234375e+02, 3.225963439941406e+02, 3.224223937988281e+02, 3.222757873535156e+02, 3.221483154296875e+02, 3.221635437011719e+02, 3.221383972167969e+02, 3.218656005859375e+02, 3.216451721191406e+02, 3.217665100097656e+02, 3.218349914550781e+02, 3.223763427734375e+02, 3.211727905273438e+02, 3.214394836425781e+02, 3.212227783203125e+02, 3.209632873535156e+02, 3.207293701171875e+02, 3.205967712402344e+02, 3.205188598632812e+02, 3.201457824707031e+02, 3.195364990234375e+02, 3.193942565917969e+02, 3.194054260253906e+02, 3.194585571289062e+02, 3.195121459960938e+02, 3.195495910644531e+02, 3.19570068359375e+02, 3.197203674316406e+02, 3.199222412109375e+02, 3.201264343261719e+02, 3.2033251953125e+02, 3.205300903320312e+02, 3.247666015625e+02, 3.206932373046875e+02, 3.209615478515625e+02, 3.208801574707031e+02, 3.208309936523438e+02, 3.208023376464844e+02, 3.207526245117188e+02, 3.206975708007812e+02, 3.206754760742188e+02, 3.206874694824219e+02, 3.207367858886719e+02, 3.208557739257812e+02, 3.210504455566406e+02, 3.212552795410156e+02, 3.214586791992188e+02, 3.216607666015625e+02, 3.218294677734375e+02, 3.218684387207031e+02, 3.218368225097656e+02, 3.217754821777344e+02, 3.217405700683594e+02, 3.1998388671875e+02, 3.218770446777344e+02, 3.216954650878906e+02, 3.214807434082031e+02, 3.215115661621094e+02, 3.215250549316406e+02, 3.214385375976562e+02, 3.213267211914062e+02, 3.201371765136719e+02, 3.209030456542969e+02, 3.209132385253906e+02, 3.204006042480469e+02, 3.201421508789062e+02, 3.2013916015625e+02, 3.204862365722656e+02, 3.209632568359375e+02, 3.210084533691406e+02, 3.209413146972656e+02, 3.208187866210938e+02, 3.206808166503906e+02, 3.208882446289062e+02, 3.215665588378906e+02, 3.22312744140625e+02, 3.230845642089844e+02, 3.236044006347656e+02, 3.238972473144531e+02, 3.24137939453125e+02, 3.243846740722656e+02, 3.246522521972656e+02, 3.247418212890625e+02, 3.25538330078125e+02, 3.250984191894531e+02, 3.255166931152344e+02, 3.258277893066406e+02, 3.259891052246094e+02, 3.26355224609375e+02, 3.266351623535156e+02]
outputs.building.TZone[1]=[2.931499938964844e+02, 2.881166687011719e+02, 2.885455932617188e+02, 2.888867492675781e+02, 2.891331481933594e+02, 2.892489318847656e+02, 2.892103881835938e+02, 2.891554565429688e+02, 2.891477966308594e+02, 2.8915869140625e+02, 2.891731567382812e+02, 2.89193359375e+02, 2.892259521484375e+02, 2.893516845703125e+02, 2.896538696289062e+02, 2.899371948242188e+02, 2.901282348632812e+02, 2.903242492675781e+02, 2.904906921386719e+02, 2.906368713378906e+02, 2.907119445800781e+02, 2.908113708496094e+02, 2.908998718261719e+02, 2.908164367675781e+02, 2.909788208007812e+02, 2.90996337890625e+02, 2.909696655273438e+02, 2.909282531738281e+02, 2.91026123046875e+02, 2.911524353027344e+02, 2.913025207519531e+02, 2.9143359375e+02, 2.914834594726562e+02, 2.9150830078125e+02, 2.914990234375e+02, 2.914670104980469e+02, 2.914267578125e+02, 2.913710327148438e+02, 2.912900390625e+02, 2.911681518554688e+02, 2.910792236328125e+02, 2.910928039550781e+02, 2.911048278808594e+02, 2.910578918457031e+02, 2.909436950683594e+02, 2.910069274902344e+02, 2.909601440429688e+02, 2.909660339355469e+02, 2.909781494140625e+02, 2.909722595214844e+02, 2.909630432128906e+02, 2.909720764160156e+02, 2.909854736328125e+02, 2.909999694824219e+02, 2.91014892578125e+02, 2.910321350097656e+02, 2.910527648925781e+02, 2.910743713378906e+02, 2.910965576171875e+02, 2.911205444335938e+02, 2.911452331542969e+02, 2.911656799316406e+02, 2.911839294433594e+02, 2.912815551757812e+02, 2.912877502441406e+02, 2.916932067871094e+02, 2.918765869140625e+02, 2.919752197265625e+02, 2.920267028808594e+02, 2.921042175292969e+02, 2.921858825683594e+02, 2.924468688964844e+02, 2.927103881835938e+02, 2.927039794921875e+02, 2.929657897949219e+02, 2.930174865722656e+02, 2.929795532226562e+02, 2.929313659667969e+02, 2.929064331054688e+02, 2.929322204589844e+02, 2.929883422851562e+02, 2.930363464355469e+02, 2.930619201660156e+02, 2.930702819824219e+02, 2.930812683105469e+02, 2.931224365234375e+02, 2.931718139648438e+02, 2.932087707519531e+02, 2.931929931640625e+02, 2.930793151855469e+02, 2.929817199707031e+02, 2.929839477539062e+02, 2.929839782714844e+02, 2.929142456054688e+02, 2.928014831542969e+02, 2.929169921875e+02, 2.928799743652344e+02, 2.928794250488281e+02, 2.928835754394531e+02, 2.928647155761719e+02, 2.928416748046875e+02]
electricalGrid.PElecGen=[0e+00, 0e+00]
electricalGrid.PElecLoa=[5.25465625e+03, 3.579177734375e+03, 3.775238037109375e+03, 4.1366953125e+03, 4.39460400390625e+03, 3.70250830078125e+03, 3.451141845703125e+03, 3.37047900390625e+03, 3.371978759765625e+03, 3.380586181640625e+03, 3.385121826171875e+03, 3.3584052734375e+03, 3.27289892578125e+03, 3.22684912109375e+03, 3.16690283203125e+03, 3.11265185546875e+03, 3.133181640625e+03, 3.079409912109375e+03, 2.92736328125e+03, 2.889314208984375e+03, 2.999237060546875e+03, 2.966231201171875e+03, 4.55973388671875e+03, 3.81180615234375e+03, 2.93862548828125e+03, 2.7305751953125e+03, 2.662822509765625e+03, 2.62497216796875e+03, 2.62135693359375e+03, 2.600618896484375e+03, 2.42654052734375e+03, 2.271441162109375e+03, 2.3379755859375e+03, 2.37021875e+03, 2.388623291015625e+03, 2.401058837890625e+03, 2.40444677734375e+03, 2.41303173828125e+03, 2.478785400390625e+03, 2.53775341796875e+03, 2.58934130859375e+03, 2.631118408203125e+03, 2.66546533203125e+03, 4.77443212890625e+03, 3.489478271484375e+03, 2.8082392578125e+03, 2.687839111328125e+03, 2.68124169921875e+03, 2.678025390625e+03, 2.662926513671875e+03, 2.653445556640625e+03, 2.65700732421875e+03, 2.666663330078125e+03, 2.68507275390625e+03, 2.7265595703125e+03, 2.790008544921875e+03, 2.839457763671875e+03, 2.88527978515625e+03, 2.930853759765625e+03, 2.953062744140625e+03, 2.922930419921875e+03, 2.89342822265625e+03, 2.86893505859375e+03, 2.865348876953125e+03, 4.3156845703125e+03, 3.233664794921875e+03, 2.753224853515625e+03, 2.690068115234375e+03, 2.7383330078125e+03, 2.72081591796875e+03, 2.67451025390625e+03, 2.621591796875e+03, 4.37669189453125e+03, 3.47203076171875e+03, 2.5084130859375e+03, 2.274595947265625e+03, 2.27859326171875e+03, 2.341312255859375e+03, 2.508027099609375e+03, 2.602915771484375e+03, 2.51531494140625e+03, 2.471389404296875e+03, 2.425346435546875e+03, 2.403680419921875e+03, 2.541073974609375e+03, 2.775630859375e+03, 2.96587548828125e+03, 3.1429921875e+03, 3.175990478515625e+03, 3.20043701171875e+03, 3.2710625e+03, 3.338556884765625e+03, 3.41622509765625e+03, 4.691978515625e+03, 3.059399658203125e+03, 3.3420947265625e+03, 2.775822265625e+03, 2.6738046875e+03, 2.796292724609375e+03, 2.53390966796875e+03, 2.3908818359375e+03]
