last-generated=2024-11-08
statistics-initialization=
{
  "nonlinear": "0, 0, 5, 7, 4, 1, 1",
  "numerical Jacobians": "0"
}
statistics-simulation=
{
  "linear": "0, 0, 0, 0, 0, 0, 0, 0",
  "nonlinear": "3, 6, 1, 0, 1, 0, 1, 0, 1, 1, 1",
  "number of continuous time states": "87",
  "numerical Jacobians": "0"
}
time=[0e+00, 1.728e+05]
weaDat.weaBus.TDryBul=[2.711499938964844e+02, 2.711964111328125e+02, 2.711585388183594e+02, 2.710329895019531e+02, 2.708773498535156e+02, 2.706598205566406e+02, 2.704615478515625e+02, 2.704500122070312e+02, 2.704500122070312e+02, 2.704500122070312e+02, 2.704500122070312e+02, 2.704904479980469e+02, 2.706648559570312e+02, 2.708219909667969e+02, 2.709660034179688e+02, 2.710835876464844e+02, 2.710487060546875e+02, 2.710967712402344e+02, 2.713839721679688e+02, 2.715577392578125e+02, 2.713986511230469e+02, 2.713771667480469e+02, 2.716394348144531e+02, 2.718602600097656e+02, 2.719464111328125e+02, 2.720499877929688e+02, 2.722364196777344e+02, 2.724353637695312e+02, 2.725456237792969e+02, 2.726259155273438e+02, 2.730393371582031e+02, 2.736041564941406e+02, 2.736746826171875e+02, 2.736636657714844e+02, 2.736180114746094e+02, 2.735700073242188e+02, 2.735389404296875e+02, 2.735155944824219e+02, 2.7335400390625e+02, 2.731619873046875e+02, 2.729700012207031e+02, 2.727780151367188e+02, 2.72593994140625e+02, 2.724955749511719e+02, 2.724342651367188e+02, 2.723796081542969e+02, 2.723463134765625e+02, 2.723376770019531e+02, 2.723522033691406e+02, 2.724003295898438e+02, 2.724500122070312e+02, 2.724666442871094e+02, 2.724525451660156e+02, 2.724020690917969e+02, 2.722803344726562e+02, 2.720899963378906e+02, 2.718980102539062e+02, 2.717059936523438e+02, 2.715140075683594e+02, 2.713631591796875e+02, 2.713411865234375e+02, 2.713729858398438e+02, 2.714293518066406e+02, 2.714556884765625e+02, 2.714446716308594e+02, 2.714856872558594e+02, 2.716668701171875e+02, 2.717514038085938e+02, 2.716672058105469e+02, 2.716678771972656e+02, 2.71758056640625e+02, 2.718697814941406e+02, 2.7200390625e+02, 2.721656494140625e+02, 2.724968872070312e+02, 2.728500061035156e+02, 2.729950561523438e+02, 2.729598999023438e+02, 2.725846862792969e+02, 2.721623229980469e+02, 2.721732788085938e+02, 2.722332153320312e+02, 2.723517456054688e+02, 2.724693908691406e+02, 2.722129516601562e+02, 2.715361633300781e+02, 2.708384399414062e+02, 2.701152648925781e+02, 2.6966552734375e+02, 2.693913269042969e+02, 2.691483459472656e+02, 2.68912841796875e+02, 2.686530456542969e+02, 2.682867126464844e+02, 2.680051879882812e+02, 2.680009765625e+02, 2.679133911132812e+02, 2.676651611328125e+02, 2.674332275390625e+02, 2.672374267578125e+02, 2.670499877929688e+02]
hydraulic.generation.sigBusGen.TGenOutMea=[2.931499938964844e+02, 3.067955017089844e+02, 3.139555358886719e+02, 3.191771240234375e+02, 3.224120483398438e+02, 3.227740478515625e+02, 3.228349914550781e+02, 3.228114929199219e+02, 3.227957153320312e+02, 3.227934265136719e+02, 3.227937316894531e+02, 3.227633056640625e+02, 3.225953979492188e+02, 3.224203186035156e+02, 3.222749633789062e+02, 3.221468505859375e+02, 3.221618957519531e+02, 3.221404113769531e+02, 3.218634643554688e+02, 3.198949584960938e+02, 3.219934387207031e+02, 3.219869995117188e+02, 3.216257934570312e+02, 3.213352355957031e+02, 3.212225646972656e+02, 3.211240234375e+02, 3.209390258789062e+02, 3.207252197265625e+02, 3.205956115722656e+02, 3.205196533203125e+02, 3.201496887207031e+02, 3.195294799804688e+02, 3.193897705078125e+02, 3.194068298339844e+02, 3.194601745605469e+02, 3.195130310058594e+02, 3.195503845214844e+02, 3.195697631835938e+02, 3.197196960449219e+02, 3.237712097167969e+02, 3.202638549804688e+02, 3.204782104492188e+02, 3.205692443847656e+02, 3.2065087890625e+02, 3.20708740234375e+02, 3.208234558105469e+02, 3.206050109863281e+02, 3.210609741210938e+02, 3.208861083984375e+02, 3.207674255371094e+02, 3.206976013183594e+02, 3.206745300292969e+02, 3.20687255859375e+02, 3.207368469238281e+02, 3.208558959960938e+02, 3.210530700683594e+02, 3.212584533691406e+02, 3.214613952636719e+02, 3.216632080078125e+02, 3.218318481445312e+02, 3.218686828613281e+02, 3.218352966308594e+02, 3.217737731933594e+02, 3.217394409179688e+02, 3.217548217773438e+02, 3.217281188964844e+02, 3.200574035644531e+02, 3.21653564453125e+02, 3.216288146972656e+02, 3.215556335449219e+02, 3.214417419433594e+02, 3.213255310058594e+02, 3.211908264160156e+02, 3.21020751953125e+02, 3.206946716308594e+02, 3.203049621582031e+02, 3.201177978515625e+02, 3.2013671875e+02, 3.204858703613281e+02, 3.209709167480469e+02, 3.210162048339844e+02, 3.209449462890625e+02, 3.208224792480469e+02, 3.206831359863281e+02, 3.208908996582031e+02, 3.212648315429688e+02, 3.225624694824219e+02, 3.231947326660156e+02, 3.236359252929688e+02, 3.238970336914062e+02, 3.241318664550781e+02, 3.243807678222656e+02, 3.246478881835938e+02, 3.250173950195312e+02, 3.253399963378906e+02, 3.240201416015625e+02, 3.235370788574219e+02, 3.250982360839844e+02, 3.258617553710938e+02, 3.261601257324219e+02, 3.2635400390625e+02]
outputs.building.TZone[1]=[2.931499938964844e+02, 2.88166748046875e+02, 2.886616821289062e+02, 2.890636596679688e+02, 2.893547058105469e+02, 2.893872985839844e+02, 2.893158874511719e+02, 2.892589721679688e+02, 2.892552795410156e+02, 2.892701721191406e+02, 2.892878723144531e+02, 2.893109436035156e+02, 2.89344970703125e+02, 2.894726257324219e+02, 2.897777709960938e+02, 2.900637512207031e+02, 2.90258544921875e+02, 2.904584655761719e+02, 2.906258239746094e+02, 2.905690307617188e+02, 2.908261413574219e+02, 2.909672546386719e+02, 2.910609436035156e+02, 2.911379089355469e+02, 2.911380920410156e+02, 2.911413879394531e+02, 2.911207275390625e+02, 2.910826416015625e+02, 2.911837768554688e+02, 2.913135070800781e+02, 2.914643859863281e+02, 2.915924987792969e+02, 2.916450500488281e+02, 2.916742553710938e+02, 2.916671752929688e+02, 2.916361389160156e+02, 2.915966186523438e+02, 2.915413513183594e+02, 2.914623413085938e+02, 2.913391723632812e+02, 2.912115783691406e+02, 2.912843933105469e+02, 2.912914123535156e+02, 2.912803039550781e+02, 2.912619323730469e+02, 2.912008666992188e+02, 2.909823913574219e+02, 2.911639709472656e+02, 2.911801452636719e+02, 2.911669006347656e+02, 2.911560668945312e+02, 2.911662292480469e+02, 2.911814575195312e+02, 2.911979064941406e+02, 2.91215087890625e+02, 2.912352905273438e+02, 2.912585144042969e+02, 2.912823791503906e+02, 2.913067321777344e+02, 2.913327941894531e+02, 2.913582763671875e+02, 2.913790893554688e+02, 2.913981628417969e+02, 2.914973449707031e+02, 2.917482604980469e+02, 2.919747314453125e+02, 2.919437561035156e+02, 2.921769409179688e+02, 2.922675476074219e+02, 2.923396606445312e+02, 2.924170532226562e+02, 2.926771240234375e+02, 2.929461059570312e+02, 2.93118408203125e+02, 2.932037353515625e+02, 2.932293701171875e+02, 2.931923522949219e+02, 2.931495056152344e+02, 2.931318664550781e+02, 2.931613159179688e+02, 2.932098083496094e+02, 2.932450561523438e+02, 2.932569885253906e+02, 2.932523498535156e+02, 2.93252197265625e+02, 2.931584777832031e+02, 2.933247375488281e+02, 2.93337890625e+02, 2.93285888671875e+02, 2.931540222167969e+02, 2.930661926269531e+02, 2.930756225585938e+02, 2.93080810546875e+02, 2.93069091796875e+02, 2.930630798339844e+02, 2.930519714355469e+02, 2.928881225585938e+02, 2.929624328613281e+02, 2.93053466796875e+02, 2.930679321289062e+02, 2.930518188476562e+02]
electricalGrid.PElecGen=[0e+00, 0e+00]
electricalGrid.PElecLoa=[3.845885009765625e+03, 3.8467060546875e+03, 4.23982421875e+03, 4.68793505859375e+03, 4.32600048828125e+03, 3.514657958984375e+03, 3.48426953125e+03, 3.461749267578125e+03, 3.4697021484375e+03, 3.47418994140625e+03, 3.475722900390625e+03, 3.447527587890625e+03, 3.357476806640625e+03, 3.31249267578125e+03, 3.2466875e+03, 3.18869287109375e+03, 3.2175263671875e+03, 3.15012109375e+03, 2.990857177734375e+03, 4.763125e+03, 3.481041259765625e+03, 3.028640869140625e+03, 2.87086572265625e+03, 2.83551171875e+03, 2.849989013671875e+03, 2.82199365234375e+03, 2.758120361328125e+03, 2.712126708984375e+03, 2.709103759765625e+03, 2.6833876953125e+03, 2.4779814453125e+03, 2.33694677734375e+03, 2.415157470703125e+03, 2.444136962890625e+03, 2.46054052734375e+03, 2.47261865234375e+03, 2.47485693359375e+03, 2.485064453125e+03, 2.56138818359375e+03, 5.18555078125e+03, 3.125542236328125e+03, 2.730762451171875e+03, 2.7369794921875e+03, 2.747364990234375e+03, 2.75717041015625e+03, 4.97070703125e+03, 4.051261962890625e+03, 2.876351318359375e+03, 2.740453125e+03, 2.73313818359375e+03, 2.733435791015625e+03, 2.741082275390625e+03, 2.75213330078125e+03, 2.77238134765625e+03, 2.818126953125e+03, 2.8757880859375e+03, 2.918411865234375e+03, 2.95905029296875e+03, 3.000017578125e+03, 3.01727587890625e+03, 2.986299560546875e+03, 2.960766845703125e+03, 2.93983837890625e+03, 2.93868212890625e+03, 2.928373046875e+03, 2.875149658203125e+03, 4.7749306640625e+03, 3.070275146484375e+03, 2.82354150390625e+03, 2.78298486328125e+03, 2.741619873046875e+03, 2.688582763671875e+03, 2.61324853515625e+03, 2.541027587890625e+03, 2.4081220703125e+03, 2.328130615234375e+03, 2.344643310546875e+03, 2.39887353515625e+03, 2.576408447265625e+03, 2.66237451171875e+03, 2.540334716796875e+03, 2.485761474609375e+03, 2.432533447265625e+03, 2.406357421875e+03, 2.54519384765625e+03, 4.07613427734375e+03, 3.034366455078125e+03, 3.01262939453125e+03, 3.01528662109375e+03, 3.060295166015625e+03, 3.154719482421875e+03, 3.236249267578125e+03, 3.333328125e+03, 3.491537353515625e+03, 3.560972412109375e+03, 4.6564150390625e+03, 3.22698193359375e+03, 4.12132958984375e+03, 4.014130126953125e+03, 3.953644287109375e+03, 3.990295166015625e+03]
