last-generated=2024-12-05
statistics-initialization=
{
  "linear": "7"
}
statistics-simulation=
{
  "linear": "10, 0, 0",
  "nonlinear": "1, 0, 1, 0, 1, 0, 1",
  "number of continuous time states": "35",
  "numerical Jacobians": "0"
}
time=[0e+00, 1.728e+05]
weaDat.weaBus.TDryBul=[2.713500061035156e+02, 2.714423522949219e+02, 2.713688049316406e+02, 2.711300048828125e+02, 2.708900146484375e+02, 2.706499938964844e+02, 2.704100036621094e+02, 2.701031188964844e+02, 2.696802062988281e+02, 2.693132629394531e+02, 2.689815979003906e+02, 2.687498474121094e+02, 2.687302856445312e+02, 2.684281311035156e+02, 2.677860412597656e+02, 2.674700012207031e+02, 2.672780151367188e+02, 2.670859985351562e+02, 2.668940124511719e+02, 2.667543640136719e+02, 2.674586791992188e+02, 2.682342834472656e+02, 2.686448669433594e+02, 2.692129211425781e+02, 2.700237121582031e+02, 2.708500061035156e+02, 2.716349792480469e+02, 2.723893127441406e+02, 2.729895324707031e+02, 2.733184814453125e+02, 2.734673461914062e+02, 2.735424194335938e+02, 2.735648498535156e+02, 2.73562255859375e+02, 2.734952392578125e+02, 2.733829650878906e+02, 2.733241271972656e+02, 2.733239440917969e+02, 2.734044799804688e+02, 2.735684204101562e+02, 2.736940002441406e+02, 2.737637023925781e+02, 2.737111511230469e+02, 2.734936828613281e+02, 2.733190002441406e+02, 2.73205322265625e+02, 2.731450805664062e+02, 2.731335754394531e+02, 2.7315283203125e+02, 2.732023315429688e+02, 2.7325e+02, 2.732466735839844e+02, 2.732464294433594e+02, 2.733169860839844e+02, 2.734288940429688e+02, 2.735700073242188e+02, 2.737182312011719e+02, 2.738376770019531e+02, 2.739303588867188e+02, 2.739819946289062e+02, 2.740299987792969e+02, 2.740780029296875e+02, 2.741260070800781e+02, 2.741852416992188e+02, 2.742919921875e+02, 2.743815307617188e+02, 2.744320983886719e+02, 2.744386291503906e+02, 2.742976684570312e+02, 2.742652587890625e+02, 2.743667907714844e+02, 2.744607849121094e+02, 2.74489013671875e+02, 2.745615539550781e+02, 2.748076477050781e+02, 2.751499938964844e+02, 2.755416259765625e+02, 2.759237670898438e+02, 2.761777038574219e+02, 2.763310241699219e+02, 2.764301147460938e+02, 2.764605407714844e+02, 2.7639404296875e+02, 2.762903747558594e+02, 2.7616455078125e+02, 2.760198059082031e+02, 2.758236999511719e+02, 2.755619812011719e+02, 2.753553771972656e+02, 2.751993103027344e+02, 2.751300048828125e+02, 2.750820007324219e+02, 2.750339965820312e+02, 2.749859924316406e+02, 2.749522399902344e+02, 2.751499938964844e+02, 2.753774108886719e+02, 2.755320129394531e+02, 2.756587219238281e+02, 2.756750183105469e+02, 2.755499877929688e+02]
outputs.building.TZone[1]=[2.931499938964844e+02, 2.942191162109375e+02, 2.941445007324219e+02, 2.941455993652344e+02, 2.94145263671875e+02, 2.941449584960938e+02, 2.941446838378906e+02, 2.941404418945312e+02, 2.941605529785156e+02, 2.94163330078125e+02, 2.941646118164062e+02, 2.941701965332031e+02, 2.941748046875e+02, 2.942005615234375e+02, 2.942013854980469e+02, 2.942149047851562e+02, 2.94215576171875e+02, 2.942092895507812e+02, 2.942078552246094e+02, 2.942088928222656e+02, 2.942035522460938e+02, 2.942163391113281e+02, 2.941937561035156e+02, 2.941571655273438e+02, 2.941419982910156e+02, 2.941524047851562e+02, 2.941390991210938e+02, 2.941353759765625e+02, 2.941886291503906e+02, 2.941813354492188e+02, 2.941826477050781e+02, 2.941784362792969e+02, 2.941508483886719e+02, 2.941511840820312e+02, 2.941300964355469e+02, 2.941334838867188e+02, 2.941300048828125e+02, 2.941317443847656e+02, 2.941531677246094e+02, 2.941554870605469e+02, 2.941559753417969e+02, 2.941554260253906e+02, 2.941498107910156e+02, 2.941460571289062e+02, 2.941402893066406e+02, 2.941336975097656e+02, 2.941407470703125e+02, 2.94155517578125e+02, 2.941553344726562e+02, 2.941517639160156e+02, 2.941514892578125e+02, 2.941548156738281e+02, 2.941550903320312e+02, 2.941559753417969e+02, 2.941563415527344e+02, 2.941565856933594e+02, 2.941564025878906e+02, 2.941558532714844e+02, 2.941553344726562e+02, 2.941547546386719e+02, 2.941546936035156e+02, 2.941545715332031e+02, 2.941544799804688e+02, 2.941717224121094e+02, 2.941728210449219e+02, 2.941711120605469e+02, 2.941699829101562e+02, 2.941620788574219e+02, 2.941615295410156e+02, 2.941742553710938e+02, 2.941676025390625e+02, 2.941669311523438e+02, 2.941611328125e+02, 2.941438598632812e+02, 2.941435241699219e+02, 2.941472778320312e+02, 2.941448974609375e+02, 2.941450500488281e+02, 2.941554870605469e+02, 2.941562194824219e+02, 2.941612854003906e+02, 2.941572265625e+02, 2.941483154296875e+02, 2.941490173339844e+02, 2.941466369628906e+02, 2.941472473144531e+02, 2.941415405273438e+02, 2.941412048339844e+02, 2.941473083496094e+02, 2.941480712890625e+02, 2.941504516601562e+02, 2.941507263183594e+02, 2.941471862792969e+02, 2.941454772949219e+02, 2.94144775390625e+02, 2.941466369628906e+02, 2.941482849121094e+02, 2.941527404785156e+02, 2.941519775390625e+02, 2.94146728515625e+02, 2.941454772949219e+02]
electricalGrid.PElecGen=[0e+00, 0e+00]
electricalGrid.PElecLoa=[1e+03, 2.0550095703125e+04, 2.0284828125e+04, 2.035911328125e+04, 2.0425513671875e+04, 2.0496369140625e+04, 2.05711875e+04, 2.0669533203125e+04, 2.0624615234375e+04, 2.0449744140625e+04, 2.0246802734375e+04, 2.0009587890625e+04, 1.9658466796875e+04, 1.920894140625e+04, 1.8471525390625e+04, 1.7617931640625e+04, 1.6675958984375e+04, 1.57475e+04, 1.49357939453125e+04, 1.399925e+04, 1.32651708984375e+04, 1.231773828125e+04, 1.153167578125e+04, 1.1220794921875e+04, 1.1449927734375e+04, 1.1404125e+04, 1.15344306640625e+04, 1.17305263671875e+04, 1.137248046875e+04, 1.08840546875e+04, 1.04213203125e+04, 9.983765625e+03, 9.803869140625e+03, 9.782373046875e+03, 9.919137695312502e+03, 1.01757734375e+04, 1.04289091796875e+04, 1.07046494140625e+04, 1.08609208984375e+04, 1.0778111328125e+04, 1.07010029296875e+04, 1.06158173828125e+04, 1.0563798828125e+04, 1.0612494140625e+04, 1.06785390625e+04, 1.091469921875e+04, 1.11248203125e+04, 1.10661826171875e+04, 1.0987185546875e+04, 1.09555830078125e+04, 1.09312060546875e+04, 1.086889453125e+04, 1.07997529296875e+04, 1.07181875e+04, 1.0628875e+04, 1.05356962890625e+04, 1.04415615234375e+04, 1.03545771484375e+04, 1.027403515625e+04, 1.02031513671875e+04, 1.01352744140625e+04, 1.00686923828125e+04, 1.0003412109375e+04, 9.8592822265625e+03, 9.52275390625e+03, 9.2045478515625e+03, 8.9112685546875e+03, 8.6519609375e+03, 8.521783203124998e+03, 8.210583984375004e+03, 7.893716308593752e+03, 7.64325927734375e+03, 7.4411796875e+03, 7.454837890625e+03, 7.6150205078125e+03, 7.66800439453125e+03, 7.73941259765625e+03, 7.80690478515625e+03, 7.76737451171875e+03, 7.6903408203125e+03, 7.55027392578125e+03, 7.4237001953125e+03, 7.39174755859375e+03, 7.40751171875e+03, 7.43861962890625e+03, 7.48069873046875e+03, 7.5521142578125e+03, 7.67975830078125e+03, 7.77564111328125e+03, 7.80478564453125e+03, 7.819455078125e+03, 7.80813916015625e+03, 7.8084150390625e+03, 7.8736787109375e+03, 7.940595703125e+03, 8.004703125e+03, 8.0473310546875e+03, 8.0121357421875e+03, 7.97678857421875e+03, 8.00718798828125e+03, 8.0644814453125e+03]
